 1  90
 2  90
 3  90
 4  90
 5  90
 6  90
 7  90
 8  90
 9  fc
10  e8
11  82
12  00 -> ff
13  00 -> ff
14  00 -> ff
15  60
16  89
17  e5
18  31
19  c0
20  64
21  8b
22  50
23  30
24  8b
25  52
26  0c
27  8b
28  52
29  14
30  8b
31  72
32  28
33  0f
34  b7
35  4a
36  26
37  31
38  ff
39  ac
40  3c
41  61
42  7c
43  02
44  2c
45  20
46  c1
47  cf
48  0d
49  01
50  c7
51  e2
52  f2
53  52
54  57
55  8b
56  52
57  10
58  8b
59  4a
60  3c
61  8b
62  4c
63  11
64  78
65  e3
66  48
67  01
68  d1
69  51
70  8b
71  59
72  20
73  01
74  d3
75  8b
76  49
77  18
78  e3
79  3a
80  49
81  8b
82  34
83  8b
84  01
85  d6
86  31
87  ff
88  ac
89  c1
90  cf
91  0d
92  01
93  c7
94  38
95  e0
96  75
97  f6
98  03
99  7d
100  f8
101  3b
102  7d
103  24
104  75
105  e4
106  58
107  8b
108  58
109  24
110  01
111  d3
112  66
113  8b
114  0c
115  4b
116  8b
117  58
118  1c
119  01
120  d3
121  8b
122  04
123  8b
124  01
125  d0
126  89
127  44
128  24
129  24
130  5b
131  5b
132  61
133  59
134  5a
135  51
136  ff
137  e0
138  5f
139  5f
140  5a
141  8b
142  12
143  eb
144  8d
145  5d
146  68
147  33
148  32
149  00 -> ff
150  00 -> ff
151  68
152  77
153  73
154  32
155  5f
156  54
157  68
158  4c
159  77
160  26
161  07
162  ff
163  d5
164  b8
165  90
166  01
167  00 -> ff
168  00 -> ff
169  29
170  c4
171  54
172  50
173  68
174  29
175  80
176  6b
177  00 -> ff
178  ff
179  d5
180  50
181  50
182  50
183  50
184  40
185  50
186  40
187  50
188  68
189  ea
190  0f
191  df
192  e0
193  ff
194  d5
195  97
196  6a
197  05
198  68
199  c0
200  a8
201  01
202  6e
203  68
204  02
205  00 -> ff
206  11
207  5b
208  89
209  e6
210  6a
211  10
212  56
213  57
214  68
215  99
216  a5
217  74
218  61
219  ff
220  d5
221  85
222  c0
223  74
224  0c
225  ff
226  4e
227  08
228  75
229  ec
230  68
231  f0
232  b5
233  a2
234  56
235  ff
236  d5
237  68
238  63
239  6d
240  64
241  00 -> ff
242  89
243  e3
244  57
245  57
246  57
247  31
248  f6
249  6a
250  12
251  59
252  56
253  e2
254  fd
255  66
256  c7
257  44
258  24
259  3c
260  01
261  01
262  8d
263  44
264  24
265  10
266  c6
267  00 -> ff
268  44
269  54
270  50
271  56
272  56
273  56
274  46
275  56
276  4e
277  56
278  56
279  53
280  56
281  68
282  79
283  cc
284  3f
285  86
286  ff
287  d5
288  89
289  e0
290  4e
291  56
292  46
293  ff
294  30
295  68
296  08
297  87
298  1d
299  60
300  ff
301  d5
302  bb
303  f0
304  b5
305  a2
306  56
307  68
308  a6
309  95
310  bd
311  9d
312  ff
313  d5
314  3c
315  06
316  7c
317  0a
318  80
319  fb
320  e0
321  75
322  05
323  bb
324  47
325  13
326  72
327  6f
328  6a
329  00 -> ff
330  53
331  ff
332  d5
