# unix_time, cycles_done, cur_path, paths_total, pending_total, pending_favs, map_size, unique_crashes, unique_hangs, max_depth, execs_per_sec
1566529700, 0, 0, 14, 14, 1, 0.00%, 0, 0, 1, 4666.67
1566529705, 14, 2, 14, 1, 0, 0.00%, 0, 0, 1, 6351.63
1566529710, 45, 6, 14, 0, 0, 0.00%, 0, 0, 1, 6574.30
1566529715, 74, 2, 14, 0, 0, 0.00%, 0, 0, 1, 6616.54
1566529720, 100, 2, 14, 0, 0, 0.00%, 0, 0, 1, 6464.70
1566529725, 131, 2, 14, 0, 0, 0.00%, 0, 0, 1, 6701.33
1566529730, 161, 12, 14, 0, 0, 0.00%, 0, 0, 1, 6439.77
1566529735, 193, 2, 14, 0, 0, 0.00%, 0, 0, 1, 6470.60
1566529741, 221, 2, 14, 0, 0, 0.00%, 0, 0, 1, 6422.31
1566529746, 253, 2, 14, 0, 0, 0.00%, 0, 0, 1, 6320.45
1566529751, 283, 2, 14, 0, 0, 0.00%, 0, 0, 1, 6359.19
1566529756, 310, 2, 14, 0, 0, 0.00%, 0, 0, 1, 6297.47
1566529761, 348, 2, 14, 0, 0, 0.00%, 0, 0, 1, 6402.37
1566529766, 377, 2, 14, 0, 0, 0.00%, 0, 0, 1, 6516.51
1566529771, 410, 10, 14, 0, 0, 0.00%, 0, 0, 1, 6335.89
1566529776, 442, 2, 14, 0, 0, 0.00%, 0, 0, 1, 6218.22
1566529782, 480, 2, 14, 0, 0, 0.00%, 0, 0, 1, 6373.95
1566529787, 505, 9, 14, 0, 0, 0.00%, 0, 0, 1, 6133.19
1566529792, 539, 2, 14, 0, 0, 0.00%, 0, 0, 1, 6443.71
1566529797, 571, 2, 14, 0, 0, 0.00%, 0, 0, 1, 6366.37
1566529802, 602, 2, 14, 0, 0, 0.00%, 0, 0, 1, 6690.24
1566529807, 641, 2, 14, 0, 0, 0.00%, 0, 0, 1, 6641.95
1566529812, 672, 2, 14, 0, 0, 0.00%, 0, 0, 1, 6358.90
1566529817, 699, 2, 14, 0, 0, 0.00%, 0, 0, 1, 6304.93
1566529822, 727, 7, 14, 0, 0, 0.00%, 0, 0, 1, 6236.63
1566529828, 759, 4, 14, 0, 0, 0.00%, 0, 0, 1, 6200.66
1566529833, 785, 2, 14, 0, 0, 0.00%, 0, 0, 1, 6296.17
1566529838, 815, 6, 14, 0, 0, 0.00%, 0, 0, 1, 6614.43
1566529843, 849, 2, 14, 0, 0, 0.00%, 0, 0, 1, 6672.18
1566529848, 883, 2, 14, 0, 0, 0.00%, 0, 0, 1, 6738.94
1566529853, 916, 6, 14, 0, 0, 0.00%, 0, 0, 1, 6759.62
1566529858, 953, 2, 14, 0, 0, 0.00%, 0, 0, 1, 6769.64
1566529863, 983, 2, 14, 0, 0, 0.00%, 0, 0, 1, 6751.06
1566529868, 1019, 9, 14, 0, 0, 0.00%, 0, 0, 1, 6768.97
1566529873, 1049, 9, 14, 0, 0, 0.00%, 0, 0, 1, 6782.33
1566529878, 1079, 1, 14, 0, 0, 0.00%, 0, 0, 1, 6676.05
1566529884, 1111, 2, 14, 0, 0, 0.00%, 0, 0, 1, 6580.23
1566529889, 1138, 8, 14, 0, 0, 0.00%, 0, 0, 1, 6273.62
1566529894, 1166, 2, 14, 0, 0, 0.00%, 0, 0, 1, 6260.36
1566529899, 1200, 2, 14, 0, 0, 0.00%, 0, 0, 1, 5734.53
1566529904, 1223, 13, 14, 0, 0, 0.00%, 0, 0, 1, 5296.08
1566529909, 1251, 11, 14, 0, 0, 0.00%, 0, 0, 1, 5476.14
1566529914, 1277, 2, 14, 0, 0, 0.00%, 0, 0, 1, 5335.26
1566529919, 1303, 8, 14, 0, 0, 0.00%, 0, 0, 1, 5592.76
1566529924, 1331, 2, 14, 0, 0, 0.00%, 0, 0, 1, 5754.96
1566529930, 1360, 2, 14, 0, 0, 0.00%, 0, 0, 1, 5653.41
1566529935, 1389, 9, 14, 0, 0, 0.00%, 0, 0, 1, 5742.69
1566529940, 1413, 11, 14, 0, 0, 0.00%, 0, 0, 1, 5590.61
1566529945, 1442, 2, 14, 0, 0, 0.00%, 0, 0, 1, 5584.38
1566529950, 1468, 5, 14, 0, 0, 0.00%, 0, 0, 1, 4913.84
1566529955, 1500, 1, 14, 0, 0, 0.00%, 0, 0, 1, 5394.20
1566529960, 1529, 11, 14, 0, 0, 0.00%, 0, 0, 1, 5752.33
1566529965, 1557, 2, 14, 0, 0, 0.00%, 0, 0, 1, 5793.57
1566529971, 1584, 2, 14, 0, 0, 0.00%, 0, 0, 1, 5707.26
1566529976, 1609, 7, 14, 0, 0, 0.00%, 0, 0, 1, 5717.97
1566529981, 1634, 2, 14, 0, 0, 0.00%, 0, 0, 1, 5649.05
1566529986, 1662, 2, 14, 0, 0, 0.00%, 0, 0, 1, 5462.70
1566529991, 1691, 2, 14, 0, 0, 0.00%, 0, 0, 1, 5448.65
1566529996, 1717, 2, 14, 0, 0, 0.00%, 0, 0, 1, 5503.08
1566530001, 1743, 8, 14, 0, 0, 0.00%, 0, 0, 1, 5846.30
1566530007, 1771, 2, 14, 0, 0, 0.00%, 0, 0, 1, 5824.63
1566530012, 1797, 2, 14, 0, 0, 0.00%, 0, 0, 1, 5329.87
1566530017, 1822, 2, 14, 0, 0, 0.00%, 0, 0, 1, 5326.32
1566530022, 1849, 2, 14, 0, 0, 0.00%, 0, 0, 1, 5383.52
1566530027, 1873, 2, 14, 0, 0, 0.00%, 0, 0, 1, 5434.79
1566530032, 1903, 2, 14, 0, 0, 0.00%, 0, 0, 1, 5463.18
1566530037, 1932, 6, 14, 0, 0, 0.00%, 0, 0, 1, 5514.69
1566530042, 1952, 7, 14, 0, 0, 0.00%, 0, 0, 1, 5533.83
1566530047, 1979, 2, 14, 0, 0, 0.00%, 0, 0, 1, 5536.90
1566530053, 2003, 10, 14, 0, 0, 0.00%, 0, 0, 1, 5613.32
1566530058, 2032, 1, 14, 0, 0, 0.00%, 0, 0, 1, 5612.75
1566530063, 2056, 11, 14, 0, 0, 0.00%, 0, 0, 1, 5647.01
1566530068, 2085, 8, 14, 0, 0, 0.00%, 0, 0, 1, 5671.48
1566530073, 2111, 6, 14, 0, 0, 0.00%, 0, 0, 1, 5704.47
1566530078, 2141, 8, 14, 0, 0, 0.00%, 0, 0, 1, 5705.04
1566530083, 2170, 13, 14, 0, 0, 0.00%, 0, 0, 1, 5692.42
1566530089, 2195, 12, 14, 0, 0, 0.00%, 0, 0, 1, 5710.66
1566530094, 2218, 6, 14, 0, 0, 0.00%, 0, 0, 1, 5670.57
1566530099, 2249, 7, 14, 0, 0, 0.00%, 0, 0, 1, 5651.32
1566530104, 2279, 2, 14, 0, 0, 0.00%, 0, 0, 1, 5741.07
1566530109, 2308, 7, 14, 0, 0, 0.00%, 0, 0, 1, 5684.53
1566530114, 2330, 4, 14, 0, 0, 0.00%, 0, 0, 1, 5645.63
1566530119, 2360, 2, 14, 0, 0, 0.00%, 0, 0, 1, 5701.12
1566530124, 2392, 7, 14, 0, 0, 0.00%, 0, 0, 1, 5736.27
1566530129, 2415, 2, 14, 0, 0, 0.00%, 0, 0, 1, 5649.05
1566530135, 2447, 2, 14, 0, 0, 0.00%, 0, 0, 1, 5742.15
1566530140, 2470, 2, 14, 0, 0, 0.00%, 0, 0, 1, 5744.85
1566530145, 2500, 8, 14, 0, 0, 0.00%, 0, 0, 1, 5650.61
1566530150, 2528, 2, 14, 0, 0, 0.00%, 0, 0, 1, 5671.04
1566530155, 2556, 2, 14, 0, 0, 0.00%, 0, 0, 1, 5711.26
1566530160, 2584, 5, 14, 0, 0, 0.00%, 0, 0, 1, 5694.79
1566530165, 2607, 2, 14, 0, 0, 0.00%, 0, 0, 1, 5620.59
1566530170, 2634, 13, 14, 0, 0, 0.00%, 0, 0, 1, 5682.81
1566530176, 2664, 2, 14, 0, 0, 0.00%, 0, 0, 1, 5638.60
1566530181, 2694, 1, 14, 0, 0, 0.00%, 0, 0, 1, 5690.31
1566530186, 2727, 2, 14, 0, 0, 0.00%, 0, 0, 1, 5649.46
1566530191, 2751, 2, 14, 0, 0, 0.00%, 0, 0, 1, 5609.52
1566530196, 2777, 2, 14, 0, 0, 0.00%, 0, 0, 1, 5650.14
1566530201, 2803, 2, 14, 0, 0, 0.00%, 0, 0, 1, 5717.71
1566530206, 2833, 2, 14, 0, 0, 0.00%, 0, 0, 1, 5703.87
1566530212, 2862, 6, 14, 0, 0, 0.00%, 0, 0, 1, 5689.46
1566530217, 2892, 2, 14, 0, 0, 0.00%, 0, 0, 1, 5728.01
1566530222, 2921, 4, 14, 0, 0, 0.00%, 0, 0, 1, 5735.49
1566530227, 2947, 2, 14, 0, 0, 0.00%, 0, 0, 1, 5696.91
1566530232, 2975, 6, 14, 0, 0, 0.00%, 0, 0, 1, 5755.84
1566530237, 2999, 3, 14, 0, 0, 0.00%, 0, 0, 1, 5614.98
1566530242, 3021, 3, 14, 0, 0, 0.00%, 0, 0, 1, 5302.86
1566530248, 3054, 2, 14, 0, 0, 0.00%, 0, 0, 1, 6265.38
1566530253, 3081, 5, 14, 0, 0, 0.00%, 0, 0, 1, 6600.24
1566530258, 3110, 2, 14, 0, 0, 0.00%, 0, 0, 1, 6691.47
1566530263, 3135, 2, 14, 0, 0, 0.00%, 0, 0, 1, 6684.67
1566530268, 3168, 2, 14, 0, 0, 0.00%, 0, 0, 1, 6686.30
1566530273, 3199, 2, 14, 0, 0, 0.00%, 0, 0, 1, 6716.18
1566530278, 3229, 0, 14, 0, 0, 0.00%, 0, 0, 1, 6740.67
1566530283, 3263, 2, 14, 0, 0, 0.00%, 0, 0, 1, 6752.38
1566530288, 3298, 4, 14, 0, 0, 0.00%, 0, 0, 1, 6720.99
1566530293, 3332, 2, 14, 0, 0, 0.00%, 0, 0, 1, 6720.29
1566530299, 3371, 2, 14, 0, 0, 0.00%, 0, 0, 1, 6729.16
1566530304, 3403, 3, 14, 0, 0, 0.00%, 0, 0, 1, 6636.73
1566530309, 3433, 10, 14, 0, 0, 0.00%, 0, 0, 1, 6614.64
1566530314, 3467, 8, 14, 0, 0, 0.00%, 0, 0, 1, 6624.97
1566530319, 3504, 2, 14, 0, 0, 0.00%, 0, 0, 1, 6527.39
1566530324, 3537, 2, 14, 0, 0, 0.00%, 0, 0, 1, 6470.54
1566530329, 3568, 5, 14, 0, 0, 0.00%, 0, 0, 1, 6528.84
1566530334, 3599, 2, 14, 0, 0, 0.00%, 0, 0, 1, 6624.09
1566530339, 3635, 2, 14, 0, 0, 0.00%, 0, 0, 1, 6613.93
1566530344, 3671, 2, 14, 0, 0, 0.00%, 0, 0, 1, 6578.41
1566530349, 3708, 1, 14, 0, 0, 0.00%, 0, 0, 1, 6625.39
1566530355, 3742, 2, 14, 0, 0, 0.00%, 0, 0, 1, 6604.42
1566530360, 3776, 2, 14, 0, 0, 0.00%, 0, 0, 1, 6655.27
1566530365, 3806, 11, 14, 0, 0, 0.00%, 0, 0, 1, 6664.89
1566530370, 3837, 2, 14, 0, 0, 0.00%, 0, 0, 1, 6557.11
1566530375, 3868, 2, 14, 0, 0, 0.00%, 0, 0, 1, 6623.37
1566530380, 3895, 8, 14, 0, 0, 0.00%, 0, 0, 1, 6604.38
1566530385, 3924, 2, 14, 0, 0, 0.00%, 0, 0, 1, 6506.66
1566530390, 3957, 2, 14, 0, 0, 0.00%, 0, 0, 1, 6636.85
1566530395, 3993, 8, 14, 0, 0, 0.00%, 0, 0, 1, 6662.32
1566530400, 4022, 1, 14, 0, 0, 0.00%, 0, 0, 1, 6639.83
1566530406, 4057, 2, 14, 0, 0, 0.00%, 0, 0, 1, 6548.81
1566530411, 4089, 11, 14, 0, 0, 0.00%, 0, 0, 1, 6545.55
1566530416, 4116, 2, 14, 0, 0, 0.00%, 0, 0, 1, 6559.50
1566530421, 4147, 2, 14, 0, 0, 0.00%, 0, 0, 1, 6559.96
1566530426, 4174, 12, 14, 0, 0, 0.00%, 0, 0, 1, 6601.89
1566530431, 4205, 1, 14, 0, 0, 0.00%, 0, 0, 1, 6631.22
1566530436, 4231, 2, 14, 0, 0, 0.00%, 0, 0, 1, 6672.31
1566530441, 4266, 2, 14, 0, 0, 0.00%, 0, 0, 1, 6650.22
1566530446, 4296, 7, 14, 0, 0, 0.00%, 0, 0, 1, 6676.79
1566530451, 4326, 2, 14, 0, 0, 0.00%, 0, 0, 1, 6626.68
1566530457, 4362, 2, 14, 0, 0, 0.00%, 0, 0, 1, 6634.19
1566530462, 4394, 2, 14, 0, 0, 0.00%, 0, 0, 1, 6458.93
1566530467, 4419, 8, 14, 0, 0, 0.00%, 0, 0, 1, 5557.73
1566530472, 4446, 2, 14, 0, 0, 0.00%, 0, 0, 1, 5543.30
1566530477, 4474, 2, 14, 0, 0, 0.00%, 0, 0, 1, 5361.74
1566530482, 4500, 1, 14, 0, 0, 0.00%, 0, 0, 1, 5344.75
1566530487, 4524, 2, 14, 0, 0, 0.00%, 0, 0, 1, 5334.84
1566530492, 4552, 2, 14, 0, 0, 0.00%, 0, 0, 1, 5693.20
1566530498, 4580, 2, 14, 0, 0, 0.00%, 0, 0, 1, 5676.15
1566530503, 4603, 2, 14, 0, 0, 0.00%, 0, 0, 1, 5595.24
1566530508, 4627, 5, 14, 0, 0, 0.00%, 0, 0, 1, 5002.16
1566530513, 4653, 12, 14, 0, 0, 0.00%, 0, 0, 1, 5537.93
1566530518, 4682, 2, 14, 0, 0, 0.00%, 0, 0, 1, 5994.63
1566530523, 4715, 8, 14, 0, 0, 0.00%, 0, 0, 1, 6104.10
1566530528, 4742, 2, 14, 0, 0, 0.00%, 0, 0, 1, 6096.52
1566530533, 4766, 2, 14, 0, 0, 0.00%, 0, 0, 1, 6106.22
1566530538, 4798, 4, 14, 0, 0, 0.00%, 0, 0, 1, 5737.66
1566530544, 4825, 2, 14, 0, 0, 0.00%, 0, 0, 1, 5789.07
1566530549, 4853, 8, 14, 0, 0, 0.00%, 0, 0, 1, 5722.63
1566530554, 4885, 7, 14, 0, 0, 0.00%, 0, 0, 1, 5936.79
1566530559, 4915, 2, 14, 0, 0, 0.00%, 0, 0, 1, 5736.69
1566530564, 4937, 2, 14, 0, 0, 0.00%, 0, 0, 1, 5403.25
1566530569, 4967, 2, 14, 0, 0, 0.00%, 0, 0, 1, 5698.53
1566530574, 4992, 2, 14, 0, 0, 0.00%, 0, 0, 1, 5812.19
1566530579, 5021, 9, 14, 0, 0, 0.00%, 0, 0, 1, 5703.18
1566530585, 5047, 0, 14, 0, 0, 0.00%, 0, 0, 1, 5796.90
1566530590, 5084, 2, 14, 0, 0, 0.00%, 0, 0, 1, 5871.51
1566530595, 5111, 2, 14, 0, 0, 0.00%, 0, 0, 1, 5795.04
1566530600, 5137, 2, 14, 0, 0, 0.00%, 0, 0, 1, 5890.90
1566530605, 5165, 2, 14, 0, 0, 0.00%, 0, 0, 1, 5793.95
1566530610, 5195, 2, 14, 0, 0, 0.00%, 0, 0, 1, 5848.58
1566530615, 5225, 2, 14, 0, 0, 0.00%, 0, 0, 1, 5817.79
1566530620, 5257, 7, 14, 0, 0, 0.00%, 0, 0, 1, 5761.62
1566530625, 5283, 2, 14, 0, 0, 0.00%, 0, 0, 1, 5369.25
1566530631, 5309, 2, 14, 0, 0, 0.00%, 0, 0, 1, 5146.81
1566530636, 5334, 2, 14, 0, 0, 0.00%, 0, 0, 1, 5093.11
1566530641, 5360, 2, 14, 0, 0, 0.00%, 0, 0, 1, 5213.89
1566530646, 5386, 12, 14, 0, 0, 0.00%, 0, 0, 1, 5316.70
1566530651, 5415, 2, 14, 0, 0, 0.00%, 0, 0, 1, 5717.34
1566530656, 5447, 12, 14, 0, 0, 0.00%, 0, 0, 1, 6413.33
1566530661, 5475, 11, 14, 0, 0, 0.00%, 0, 0, 1, 6596.35
1566530666, 5509, 13, 14, 0, 0, 0.00%, 0, 0, 1, 6636.16
1566530671, 5536, 6, 14, 0, 0, 0.00%, 0, 0, 1, 6668.84
1566530677, 5570, 13, 14, 0, 0, 0.00%, 0, 0, 1, 6679.88
1566530682, 5601, 2, 14, 0, 0, 0.00%, 0, 0, 1, 6673.13
1566530687, 5633, 2, 14, 0, 0, 0.00%, 0, 0, 1, 6564.41
1566530692, 5667, 2, 14, 0, 0, 0.00%, 0, 0, 1, 6484.26
1566530697, 5694, 2, 14, 0, 0, 0.00%, 0, 0, 1, 6596.19
1566530702, 5725, 2, 14, 0, 0, 0.00%, 0, 0, 1, 6595.05
1566530707, 5756, 0, 14, 0, 0, 0.00%, 0, 0, 1, 6626.31
1566530712, 5786, 0, 14, 0, 0, 0.00%, 0, 0, 1, 6673.67
1566530717, 5817, 2, 14, 0, 0, 0.00%, 0, 0, 1, 6604.80
1566530723, 5849, 13, 14, 0, 0, 0.00%, 0, 0, 1, 6625.21
1566530728, 5880, 13, 14, 0, 0, 0.00%, 0, 0, 1, 6598.86
1566530733, 5911, 2, 14, 0, 0, 0.00%, 0, 0, 1, 6178.25
1566530738, 5936, 2, 14, 0, 0, 0.00%, 0, 0, 1, 5933.23
1566530743, 5965, 2, 14, 0, 0, 0.00%, 0, 0, 1, 6098.58
1566530748, 5990, 2, 14, 0, 0, 0.00%, 0, 0, 1, 6171.00
1566530753, 6020, 2, 14, 0, 0, 0.00%, 0, 0, 1, 6216.04
1566530758, 6052, 13, 14, 0, 0, 0.00%, 0, 0, 1, 6223.16
1566530763, 6082, 2, 14, 0, 0, 0.00%, 0, 0, 1, 6193.08
1566530769, 6114, 2, 14, 0, 0, 0.00%, 0, 0, 1, 6175.95
1566530774, 6143, 2, 14, 0, 0, 0.00%, 0, 0, 1, 6202.16
1566530779, 6174, 2, 14, 0, 0, 0.00%, 0, 0, 1, 6199.01
1566530784, 6203, 2, 14, 0, 0, 0.00%, 0, 0, 1, 6214.78
1566530789, 6236, 2, 14, 0, 0, 0.00%, 0, 0, 1, 6210.09
1566530794, 6268, 2, 14, 0, 0, 0.00%, 0, 0, 1, 6238.70
1566530799, 6300, 2, 14, 0, 0, 0.00%, 0, 0, 1, 6194.12
1566530805, 6327, 2, 14, 0, 0, 0.00%, 0, 0, 1, 6092.45
1566530810, 6356, 13, 14, 0, 0, 0.00%, 0, 0, 1, 6204.29
1566530815, 6383, 11, 14, 0, 0, 0.00%, 0, 0, 1, 6202.21
1566530820, 6412, 2, 14, 0, 0, 0.00%, 0, 0, 1, 6225.68
1566530825, 6444, 2, 14, 0, 0, 0.00%, 0, 0, 1, 6232.94
1566530830, 6470, 2, 14, 0, 0, 0.00%, 0, 0, 1, 6216.90
1566530835, 6500, 2, 14, 0, 0, 0.00%, 0, 0, 1, 6120.63
1566530840, 6530, 2, 14, 0, 0, 0.00%, 0, 0, 1, 5589.70
1566530845, 6556, 2, 14, 0, 0, 0.00%, 0, 0, 1, 5530.66
1566530851, 6580, 2, 14, 0, 0, 0.00%, 0, 0, 1, 5411.82
1566530856, 6607, 2, 14, 0, 0, 0.00%, 0, 0, 1, 5972.42
1566530861, 6640, 2, 14, 0, 0, 0.00%, 0, 0, 1, 6128.48
1566530866, 6667, 12, 14, 0, 0, 0.00%, 0, 0, 1, 6195.16
1566530871, 6697, 2, 14, 0, 0, 0.00%, 0, 0, 1, 6081.39
1566530876, 6726, 10, 14, 0, 0, 0.00%, 0, 0, 1, 6096.86
1566530881, 6757, 7, 14, 0, 0, 0.00%, 0, 0, 1, 5709.35
1566530886, 6786, 2, 14, 0, 0, 0.00%, 0, 0, 1, 5871.55
1566530892, 6814, 9, 14, 0, 0, 0.00%, 0, 0, 1, 6339.79
1566530897, 6846, 2, 14, 0, 0, 0.00%, 0, 0, 1, 6619.94
1566530902, 6878, 2, 14, 0, 0, 0.00%, 0, 0, 1, 6693.91
1566530907, 6913, 2, 14, 0, 0, 0.00%, 0, 0, 1, 6718.24
1566530912, 6948, 10, 14, 0, 0, 0.00%, 0, 0, 1, 6603.10
1566530917, 6982, 2, 14, 0, 0, 0.00%, 0, 0, 1, 6672.48
1566530922, 7012, 2, 14, 0, 0, 0.00%, 0, 0, 1, 6719.69
1566530927, 7045, 2, 14, 0, 0, 0.00%, 0, 0, 1, 6729.93
1566530932, 7078, 6, 14, 0, 0, 0.00%, 0, 0, 1, 6752.13
1566530937, 7107, 2, 14, 0, 0, 0.00%, 0, 0, 1, 6584.84
1566530942, 7142, 12, 14, 0, 0, 0.00%, 0, 0, 1, 6469.54
1566530948, 7171, 11, 14, 0, 0, 0.00%, 0, 0, 1, 6309.45
1566530953, 7201, 0, 14, 0, 0, 0.00%, 0, 0, 1, 6663.51
1566530958, 7240, 2, 14, 0, 0, 0.00%, 0, 0, 1, 6431.81
1566530963, 7271, 2, 14, 0, 0, 0.00%, 0, 0, 1, 6602.79
1566530968, 7306, 2, 14, 0, 0, 0.00%, 0, 0, 1, 6681.47
1566530973, 7337, 2, 14, 0, 0, 0.00%, 0, 0, 1, 6687.32
1566530978, 7370, 2, 14, 0, 0, 0.00%, 0, 0, 1, 6687.36
1566530983, 7405, 2, 14, 0, 0, 0.00%, 0, 0, 1, 6727.44
1566530988, 7437, 6, 14, 0, 0, 0.00%, 0, 0, 1, 6741.18
1566530993, 7468, 9, 14, 0, 0, 0.00%, 0, 0, 1, 6770.76
1566530999, 7495, 2, 14, 0, 0, 0.00%, 0, 0, 1, 6713.75
1566531004, 7526, 2, 14, 0, 0, 0.00%, 0, 0, 1, 6700.16
1566531009, 7559, 2, 14, 0, 0, 0.00%, 0, 0, 1, 6723.97
1566531014, 7586, 2, 14, 0, 0, 0.00%, 0, 0, 1, 6696.30
1566531019, 7621, 2, 14, 0, 0, 0.00%, 0, 0, 1, 6681.90
1566531024, 7653, 2, 14, 0, 0, 0.00%, 0, 0, 1, 6689.62
1566531029, 7689, 2, 14, 0, 0, 0.00%, 0, 0, 1, 6716.24
1566531034, 7721, 2, 14, 0, 0, 0.00%, 0, 0, 1, 6713.67
1566531039, 7754, 1, 14, 0, 0, 0.00%, 0, 0, 1, 6690.44
1566531045, 7785, 2, 14, 0, 0, 0.00%, 0, 0, 1, 6611.53
1566531050, 7819, 2, 14, 0, 0, 0.00%, 0, 0, 1, 6618.68
1566531055, 7854, 13, 14, 0, 0, 0.00%, 0, 0, 1, 6658.52
1566531060, 7883, 2, 14, 0, 0, 0.00%, 0, 0, 1, 6496.05
1566531065, 7919, 10, 14, 0, 0, 0.00%, 0, 0, 1, 6310.01
1566531070, 7951, 2, 14, 0, 0, 0.00%, 0, 0, 1, 6241.76
1566531075, 7978, 10, 14, 0, 0, 0.00%, 0, 0, 1, 6055.05
1566531080, 8009, 3, 14, 0, 0, 0.00%, 0, 0, 1, 6219.00
1566531085, 8041, 2, 14, 0, 0, 0.00%, 0, 0, 1, 6526.08
1566531091, 8072, 2, 14, 0, 0, 0.00%, 0, 0, 1, 6649.26
1566531096, 8105, 3, 14, 0, 0, 0.00%, 0, 0, 1, 6691.60
1566531101, 8134, 2, 14, 0, 0, 0.00%, 0, 0, 1, 6710.58
1566531106, 8168, 2, 14, 0, 0, 0.00%, 0, 0, 1, 6676.59
1566531111, 8198, 2, 14, 0, 0, 0.00%, 0, 0, 1, 6629.51
1566531116, 8227, 2, 14, 0, 0, 0.00%, 0, 0, 1, 6548.83
1566531121, 8262, 2, 14, 0, 0, 0.00%, 0, 0, 1, 6529.29
1566531126, 8296, 2, 14, 0, 0, 0.00%, 0, 0, 1, 6688.03
1566531131, 8326, 11, 14, 0, 0, 0.00%, 0, 0, 1, 6714.54
1566531137, 8358, 5, 14, 0, 0, 0.00%, 0, 0, 1, 6702.02
1566531142, 8392, 2, 14, 0, 0, 0.00%, 0, 0, 1, 6726.74
1566531147, 8427, 10, 14, 0, 0, 0.00%, 0, 0, 1, 6682.43
1566531152, 8460, 2, 14, 0, 0, 0.00%, 0, 0, 1, 6734.55
1566531157, 8495, 5, 14, 0, 0, 0.00%, 0, 0, 1, 6692.03
1566531162, 8528, 2, 14, 0, 0, 0.00%, 0, 0, 1, 6689.63
1566531167, 8558, 11, 14, 0, 0, 0.00%, 0, 0, 1, 6402.44
1566531172, 8587, 2, 14, 0, 0, 0.00%, 0, 0, 1, 6487.00
1566531177, 8616, 2, 14, 0, 0, 0.00%, 0, 0, 1, 6364.67
1566531182, 8645, 12, 14, 0, 0, 0.00%, 0, 0, 1, 6381.06
1566531188, 8687, 2, 14, 0, 0, 0.00%, 0, 0, 1, 6401.09
1566531193, 8715, 2, 14, 0, 0, 0.00%, 0, 0, 1, 6261.56
1566531198, 8743, 4, 14, 0, 0, 0.00%, 0, 0, 1, 6497.38
1566531203, 8782, 12, 14, 0, 0, 0.00%, 0, 0, 1, 6687.68
1566531208, 8810, 2, 14, 0, 0, 0.00%, 0, 0, 1, 6395.97
1566531213, 8840, 11, 14, 0, 0, 0.00%, 0, 0, 1, 6385.24
1566531218, 8871, 2, 14, 0, 0, 0.00%, 0, 0, 1, 6196.24
1566531223, 8897, 2, 14, 0, 0, 0.00%, 0, 0, 1, 6255.56
1566531229, 8927, 8, 14, 0, 0, 0.00%, 0, 0, 1, 6334.15
1566531234, 8957, 2, 14, 0, 0, 0.00%, 0, 0, 1, 6136.67
1566531239, 8987, 2, 14, 0, 0, 0.00%, 0, 0, 1, 6408.47
1566531244, 9015, 2, 14, 0, 0, 0.00%, 0, 0, 1, 6403.01
1566531249, 9045, 1, 14, 0, 0, 0.00%, 0, 0, 1, 6384.12
1566531254, 9083, 2, 14, 0, 0, 0.00%, 0, 0, 1, 6336.85
1566531259, 9107, 10, 14, 0, 0, 0.00%, 0, 0, 1, 5880.54
1566531264, 9136, 2, 14, 0, 0, 0.00%, 0, 0, 1, 6203.86
1566531270, 9170, 2, 14, 0, 0, 0.00%, 0, 0, 1, 6279.92
1566531275, 9197, 10, 14, 0, 0, 0.00%, 0, 0, 1, 6176.40
1566531280, 9230, 6, 14, 0, 0, 0.00%, 0, 0, 1, 6267.18
1566531285, 9263, 8, 14, 0, 0, 0.00%, 0, 0, 1, 6512.14
1566531290, 9297, 2, 14, 0, 0, 0.00%, 0, 0, 1, 6771.09
1566531295, 9329, 11, 14, 0, 0, 0.00%, 0, 0, 1, 6562.12
1566531300, 9356, 13, 14, 0, 0, 0.00%, 0, 0, 1, 6421.15
1566531305, 9385, 2, 14, 0, 0, 0.00%, 0, 0, 1, 6366.45
1566531310, 9415, 2, 14, 0, 0, 0.00%, 0, 0, 1, 6321.11
1566531316, 9436, 8, 14, 0, 0, 0.00%, 0, 0, 1, 6373.72
1566531321, 9471, 2, 14, 0, 0, 0.00%, 0, 0, 1, 6579.91
1566531326, 9504, 4, 14, 0, 0, 0.00%, 0, 0, 1, 6455.53
1566531331, 9535, 0, 14, 0, 0, 0.00%, 0, 0, 1, 6250.31
1566531336, 9560, 10, 14, 0, 0, 0.00%, 0, 0, 1, 6463.98
1566531341, 9591, 2, 14, 0, 0, 0.00%, 0, 0, 1, 6703.33
1566531346, 9624, 7, 14, 0, 0, 0.00%, 0, 0, 1, 6761.18
1566531351, 9658, 2, 14, 0, 0, 0.00%, 0, 0, 1, 6795.72
1566531356, 9691, 2, 14, 0, 0, 0.00%, 0, 0, 1, 6759.27
1566531361, 9721, 7, 14, 0, 0, 0.00%, 0, 0, 1, 6594.46
1566531367, 9758, 7, 14, 0, 0, 0.00%, 0, 0, 1, 6732.24
1566531372, 9785, 6, 14, 0, 0, 0.00%, 0, 0, 1, 6750.83
1566531377, 9815, 2, 14, 0, 0, 0.00%, 0, 0, 1, 6596.33
1566531382, 9842, 2, 14, 0, 0, 0.00%, 0, 0, 1, 6330.36
1566531387, 9875, 2, 14, 0, 0, 0.00%, 0, 0, 1, 6549.29
1566531392, 9907, 2, 14, 0, 0, 0.00%, 0, 0, 1, 6719.71
1566531397, 9937, 2, 14, 0, 0, 0.00%, 0, 0, 1, 6626.00
1566531402, 9971, 8, 14, 0, 0, 0.00%, 0, 0, 1, 6488.01
1566531407, 9998, 4, 14, 0, 0, 0.00%, 0, 0, 1, 5406.93
1566531413, 10023, 2, 14, 0, 0, 0.00%, 0, 0, 1, 5363.67
1566531418, 10050, 9, 14, 0, 0, 0.00%, 0, 0, 1, 5505.89
1566531423, 10081, 2, 14, 0, 0, 0.00%, 0, 0, 1, 5447.10
1566531428, 10107, 2, 14, 0, 0, 0.00%, 0, 0, 1, 5539.34
1566531433, 10130, 10, 14, 0, 0, 0.00%, 0, 0, 1, 5518.66
1566531438, 10156, 2, 14, 0, 0, 0.00%, 0, 0, 1, 5724.28
1566531443, 10180, 2, 14, 0, 0, 0.00%, 0, 0, 1, 5529.35
1566531448, 10209, 13, 14, 0, 0, 0.00%, 0, 0, 1, 5722.52
1566531454, 10238, 2, 14, 0, 0, 0.00%, 0, 0, 1, 6013.63
1566531459, 10270, 0, 14, 0, 0, 0.00%, 0, 0, 1, 5957.04
1566531464, 10297, 3, 14, 0, 0, 0.00%, 0, 0, 1, 6033.05
1566531469, 10323, 10, 14, 0, 0, 0.00%, 0, 0, 1, 5789.05
1566531474, 10355, 2, 14, 0, 0, 0.00%, 0, 0, 1, 5834.22
1566531479, 10390, 0, 14, 0, 0, 0.00%, 0, 0, 1, 6107.43
1566531484, 10424, 2, 14, 0, 0, 0.00%, 0, 0, 1, 6174.68
1566531489, 10447, 10, 14, 0, 0, 0.00%, 0, 0, 1, 5658.78
1566531495, 10476, 7, 14, 0, 0, 0.00%, 0, 0, 1, 5456.98
1566531500, 10503, 1, 14, 0, 0, 0.00%, 0, 0, 1, 5909.40
1566531505, 10537, 2, 14, 0, 0, 0.00%, 0, 0, 1, 6257.30
1566531510, 10567, 2, 14, 0, 0, 0.00%, 0, 0, 1, 5979.60
1566531515, 10595, 1, 14, 0, 0, 0.00%, 0, 0, 1, 5584.12
1566531520, 10623, 2, 14, 0, 0, 0.00%, 0, 0, 1, 6246.24
1566531525, 10657, 8, 14, 0, 0, 0.00%, 0, 0, 1, 6257.54
1566531530, 10692, 7, 14, 0, 0, 0.00%, 0, 0, 1, 6578.07
1566531536, 10724, 2, 14, 0, 0, 0.00%, 0, 0, 1, 6565.27
1566531541, 10757, 11, 14, 0, 0, 0.00%, 0, 0, 1, 6567.30
1566531546, 10790, 2, 14, 0, 0, 0.00%, 0, 0, 1, 6581.86
1566531551, 10822, 13, 14, 0, 0, 0.00%, 0, 0, 1, 6688.23
1566531556, 10850, 2, 14, 0, 0, 0.00%, 0, 0, 1, 6684.39
1566531561, 10879, 2, 14, 0, 0, 0.00%, 0, 0, 1, 6579.64
1566531566, 10911, 2, 14, 0, 0, 0.00%, 0, 0, 1, 6699.37
1566531571, 10940, 4, 14, 0, 0, 0.00%, 0, 0, 1, 6618.41
1566531576, 10974, 2, 14, 0, 0, 0.00%, 0, 0, 1, 6612.44
1566531581, 11003, 6, 14, 0, 0, 0.00%, 0, 0, 1, 6635.84
1566531586, 11037, 2, 14, 0, 0, 0.00%, 0, 0, 1, 6556.33
1566531592, 11069, 0, 14, 0, 0, 0.00%, 0, 0, 1, 6619.04
1566531597, 11096, 6, 14, 0, 0, 0.00%, 0, 0, 1, 6684.40
1566531602, 11130, 2, 14, 0, 0, 0.00%, 0, 0, 1, 6559.73
1566531607, 11165, 9, 14, 0, 0, 0.00%, 0, 0, 1, 6510.91
1566531612, 11194, 9, 14, 0, 0, 0.00%, 0, 0, 1, 6577.24
1566531617, 11223, 8, 14, 0, 0, 0.00%, 0, 0, 1, 6572.54
1566531622, 11258, 5, 14, 0, 0, 0.00%, 0, 0, 1, 6513.06
1566531627, 11290, 2, 14, 0, 0, 0.00%, 0, 0, 1, 6632.40
1566531632, 11327, 2, 14, 0, 0, 0.00%, 0, 0, 1, 6664.60
1566531638, 11360, 10, 14, 0, 0, 0.00%, 0, 0, 1, 6656.19
1566531643, 11393, 2, 14, 0, 0, 0.00%, 0, 0, 1, 6642.77
1566531648, 11420, 2, 14, 0, 0, 0.00%, 0, 0, 1, 6607.22
1566531653, 11456, 12, 14, 0, 0, 0.00%, 0, 0, 1, 6685.22
1566531658, 11492, 1, 14, 0, 0, 0.00%, 0, 0, 1, 6675.11
1566531663, 11526, 2, 14, 0, 0, 0.00%, 0, 0, 1, 6379.44
1566531668, 11559, 9, 14, 0, 0, 0.00%, 0, 0, 1, 6515.75
1566531673, 11589, 2, 14, 0, 0, 0.00%, 0, 0, 1, 6526.49
1566531678, 11617, 2, 14, 0, 0, 0.00%, 0, 0, 1, 6397.69
1566531684, 11650, 2, 14, 0, 0, 0.00%, 0, 0, 1, 6691.54
1566531689, 11685, 2, 14, 0, 0, 0.00%, 0, 0, 1, 5986.85
1566531694, 11710, 2, 14, 0, 0, 0.00%, 0, 0, 1, 5997.87
1566531699, 11737, 2, 14, 0, 0, 0.00%, 0, 0, 1, 5986.23
1566531704, 11765, 10, 14, 0, 0, 0.00%, 0, 0, 1, 6095.14
1566531709, 11799, 6, 14, 0, 0, 0.00%, 0, 0, 1, 6197.78
1566531714, 11828, 12, 14, 0, 0, 0.00%, 0, 0, 1, 6099.55
1566531719, 11855, 2, 14, 0, 0, 0.00%, 0, 0, 1, 6044.93
1566531724, 11885, 6, 14, 0, 0, 0.00%, 0, 0, 1, 6001.27
1566531730, 11914, 2, 14, 0, 0, 0.00%, 0, 0, 1, 5916.71
1566531735, 11939, 2, 14, 0, 0, 0.00%, 0, 0, 1, 5891.66
1566531740, 11968, 2, 14, 0, 0, 0.00%, 0, 0, 1, 5952.10
1566531745, 12001, 2, 14, 0, 0, 0.00%, 0, 0, 1, 6089.80
1566531750, 12029, 2, 14, 0, 0, 0.00%, 0, 0, 1, 6162.50
1566531755, 12061, 0, 14, 0, 0, 0.00%, 0, 0, 1, 6156.97
1566531760, 12094, 2, 14, 0, 0, 0.00%, 0, 0, 1, 6183.35
1566531765, 12124, 2, 14, 0, 0, 0.00%, 0, 0, 1, 6247.99
1566531771, 12154, 2, 14, 0, 0, 0.00%, 0, 0, 1, 6201.12
1566531776, 12186, 6, 14, 0, 0, 0.00%, 0, 0, 1, 6260.81
1566531781, 12217, 2, 14, 0, 0, 0.00%, 0, 0, 1, 6191.24
1566531786, 12246, 8, 14, 0, 0, 0.00%, 0, 0, 1, 6198.32
1566531791, 12271, 2, 14, 0, 0, 0.00%, 0, 0, 1, 6181.72
1566531796, 12303, 2, 14, 0, 0, 0.00%, 0, 0, 1, 6148.37
1566531801, 12329, 2, 14, 0, 0, 0.00%, 0, 0, 1, 5820.06
1566531807, 12358, 2, 14, 0, 0, 0.00%, 0, 0, 1, 5664.47
1566531812, 12382, 6, 14, 0, 0, 0.00%, 0, 0, 1, 5641.63
1566531817, 12406, 2, 14, 0, 0, 0.00%, 0, 0, 1, 5644.57
1566531822, 12429, 2, 14, 0, 0, 0.00%, 0, 0, 1, 5698.78
1566531827, 12461, 2, 14, 0, 0, 0.00%, 0, 0, 1, 6076.49
1566531832, 12488, 2, 14, 0, 0, 0.00%, 0, 0, 1, 6146.12
1566531837, 12518, 2, 14, 0, 0, 0.00%, 0, 0, 1, 5997.80
1566531842, 12547, 10, 14, 0, 0, 0.00%, 0, 0, 1, 6130.18
1566531848, 12575, 2, 14, 0, 0, 0.00%, 0, 0, 1, 6252.11
1566531853, 12604, 5, 14, 0, 0, 0.00%, 0, 0, 1, 6293.08
1566531858, 12630, 2, 14, 0, 0, 0.00%, 0, 0, 1, 6157.21
1566531863, 12662, 6, 14, 0, 0, 0.00%, 0, 0, 1, 6169.38
1566531868, 12690, 2, 14, 0, 0, 0.00%, 0, 0, 1, 6206.94
1566531873, 12718, 2, 14, 0, 0, 0.00%, 0, 0, 1, 6172.76
1566531878, 12749, 2, 14, 0, 0, 0.00%, 0, 0, 1, 6146.24
1566531883, 12779, 2, 14, 0, 0, 0.00%, 0, 0, 1, 6080.85
1566531889, 12812, 2, 14, 0, 0, 0.00%, 0, 0, 1, 5990.12
1566531894, 12841, 7, 14, 0, 0, 0.00%, 0, 0, 1, 6082.81
1566531899, 12868, 13, 14, 0, 0, 0.00%, 0, 0, 1, 6055.07
1566531904, 12902, 9, 14, 0, 0, 0.00%, 0, 0, 1, 6012.53
1566531909, 12933, 2, 14, 0, 0, 0.00%, 0, 0, 1, 5915.09
1566531914, 12963, 4, 14, 0, 0, 0.00%, 0, 0, 1, 6018.13
1566531919, 12993, 11, 14, 0, 0, 0.00%, 0, 0, 1, 6050.18
1566531924, 13018, 5, 14, 0, 0, 0.00%, 0, 0, 1, 6056.03
1566531929, 13048, 2, 14, 0, 0, 0.00%, 0, 0, 1, 6072.81
1566531935, 13075, 2, 14, 0, 0, 0.00%, 0, 0, 1, 6050.81
1566531940, 13103, 5, 14, 0, 0, 0.00%, 0, 0, 1, 6030.20
1566531945, 13127, 12, 14, 0, 0, 0.00%, 0, 0, 1, 6073.57
1566531950, 13156, 2, 14, 0, 0, 0.00%, 0, 0, 1, 6079.76
1566531955, 13182, 2, 14, 0, 0, 0.00%, 0, 0, 1, 5783.37
1566531960, 13208, 12, 14, 0, 0, 0.00%, 0, 0, 1, 5532.99
1566531965, 13237, 2, 14, 0, 0, 0.00%, 0, 0, 1, 5942.58
1566531970, 13263, 0, 14, 0, 0, 0.00%, 0, 0, 1, 6026.42
1566531976, 13288, 10, 14, 0, 0, 0.00%, 0, 0, 1, 6012.57
1566531981, 13322, 2, 14, 0, 0, 0.00%, 0, 0, 1, 6090.50
1566531986, 13353, 2, 14, 0, 0, 0.00%, 0, 0, 1, 6103.79
1566531991, 13381, 11, 14, 0, 0, 0.00%, 0, 0, 1, 6107.15
1566531996, 13414, 2, 14, 0, 0, 0.00%, 0, 0, 1, 6036.37
1566532001, 13450, 2, 14, 0, 0, 0.00%, 0, 0, 1, 6503.47
1566532006, 13485, 6, 14, 0, 0, 0.00%, 0, 0, 1, 6716.43
1566532011, 13519, 2, 14, 0, 0, 0.00%, 0, 0, 1, 6753.50
1566532016, 13553, 0, 14, 0, 0, 0.00%, 0, 0, 1, 6839.06
1566532022, 13579, 7, 14, 0, 0, 0.00%, 0, 0, 1, 6905.45
1566532027, 13609, 11, 14, 0, 0, 0.00%, 0, 0, 1, 6424.03
1566532032, 13642, 2, 14, 0, 0, 0.00%, 0, 0, 1, 6219.19
1566532037, 13676, 9, 14, 0, 0, 0.00%, 0, 0, 1, 6329.40
1566532042, 13707, 12, 14, 0, 0, 0.00%, 0, 0, 1, 5993.28
1566532047, 13737, 9, 14, 0, 0, 0.00%, 0, 0, 1, 5961.44
1566532052, 13765, 2, 14, 0, 0, 0.00%, 0, 0, 1, 5846.52
1566532058, 13789, 2, 14, 0, 0, 0.00%, 0, 0, 1, 5612.40
1566532063, 13819, 2, 14, 0, 0, 0.00%, 0, 0, 1, 5737.60
1566532068, 13853, 2, 14, 0, 0, 0.00%, 0, 0, 1, 6697.66
1566532073, 13892, 1, 14, 0, 0, 0.00%, 0, 0, 1, 6825.38
1566532078, 13926, 2, 14, 0, 0, 0.00%, 0, 0, 1, 6869.95
1566532083, 13963, 2, 14, 0, 0, 0.00%, 0, 0, 1, 6917.37
1566532088, 13993, 2, 14, 0, 0, 0.00%, 0, 0, 1, 6895.40
