# relative_time, cycles_done, cur_item, corpus_count, pending_total, pending_favs, map_size, saved_crashes, saved_hangs, max_depth, execs_per_sec, total_execs, edges_found
61, 1, 34, 64, 40, 0, 59.18%, 14, 8, 5, 2276.94, 144835, 29
66, 2, 45, 66, 41, 0, 59.18%, 14, 8, 5, 2179.69, 156593, 29
71, 2, 59, 68, 43, 0, 59.18%, 14, 8, 5, 2779.75, 171419, 29
76, 2, 45, 68, 42, 0, 59.18%, 14, 8, 5, 2711.33, 185594, 29
82, 2, 22, 68, 42, 0, 59.18%, 14, 9, 5, 3250.00, 196838, 29
87, 2, 22, 68, 41, 0, 59.18%, 14, 10, 5, 2720.46, 207338, 29
92, 3, 45, 68, 39, 0, 59.18%, 14, 10, 5, 2682.09, 221128, 29
97, 3, 54, 71, 41, 0, 59.18%, 14, 11, 6, 3147.08, 233419, 29
102, 3, 45, 71, 37, 0, 59.18%, 14, 11, 6, 2911.55, 248293, 29
107, 4, 45, 71, 35, 0, 59.18%, 14, 11, 6, 2934.47, 262672, 29
112, 4, 45, 73, 35, 0, 59.18%, 14, 11, 6, 2963.23, 277657, 29
117, 4, 73, 74, 36, 0, 59.18%, 14, 11, 6, 2592.85, 290161, 29
123, 4, 45, 75, 35, 0, 59.18%, 14, 12, 6, 2943.68, 302638, 29
128, 5, 22, 75, 32, 0, 59.18%, 14, 12, 6, 2681.19, 316304, 29
133, 5, 45, 75, 30, 0, 59.18%, 14, 12, 6, 2783.14, 330510, 29
138, 5, 22, 75, 29, 0, 59.18%, 14, 12, 6, 2317.00, 341779, 29
143, 5, 45, 75, 29, 0, 59.18%, 14, 13, 6, 2431.38, 351600, 29
148, 6, 18, 75, 28, 0, 59.18%, 14, 13, 6, 2631.56, 365074, 29
153, 6, 10, 75, 26, 0, 59.18%, 14, 13, 6, 2335.49, 377478, 29
158, 6, 18, 76, 26, 0, 59.18%, 14, 13, 6, 2074.49, 387616, 29
163, 7, 6, 76, 25, 0, 59.18%, 14, 13, 6, 2020.56, 397951, 29
169, 7, 6, 77, 26, 0, 59.18%, 14, 14, 6, 1799.15, 405954, 29
174, 7, 34, 77, 26, 0, 59.18%, 14, 14, 6, 2661.89, 420559, 29
179, 7, 10, 77, 25, 0, 59.18%, 14, 15, 6, 530.08, 431935, 29
184, 8, 45, 77, 25, 0, 59.18%, 14, 15, 6, 2811.99, 446506, 29
189, 8, 6, 77, 23, 0, 59.18%, 14, 15, 6, 2876.76, 461226, 29
194, 9, 45, 77, 23, 0, 59.18%, 14, 15, 6, 2804.47, 475712, 29
199, 9, 45, 77, 23, 0, 59.18%, 14, 15, 6, 3066.09, 491433, 29
205, 9, 45, 77, 22, 0, 59.18%, 14, 15, 6, 3012.67, 506594, 29
210, 10, 10, 77, 20, 0, 59.18%, 14, 15, 6, 2967.70, 521571, 29
215, 10, 6, 77, 18, 0, 59.18%, 14, 15, 6, 2863.39, 536545, 29
220, 11, 27, 77, 18, 0, 59.18%, 14, 15, 6, 2782.71, 550776, 29
225, 12, 34, 77, 18, 0, 59.18%, 14, 15, 6, 2959.73, 566184, 29
230, 12, 68, 77, 18, 0, 59.18%, 14, 15, 6, 2829.94, 580069, 29
236, 12, 18, 77, 16, 0, 59.18%, 14, 15, 6, 2811.10, 594163, 29
241, 13, 45, 77, 15, 0, 59.18%, 14, 15, 6, 2570.98, 607442, 29
246, 13, 54, 77, 13, 0, 59.18%, 14, 15, 6, 2918.30, 622520, 29
251, 14, 60, 77, 13, 0, 59.18%, 14, 15, 6, 2822.80, 636894, 29
256, 14, 20, 77, 11, 0, 59.18%, 14, 15, 6, 3011.68, 652630, 29
261, 15, 18, 78, 10, 0, 59.18%, 14, 15, 6, 2807.32, 667549, 29
266, 15, 18, 79, 11, 0, 59.18%, 14, 16, 6, 195.41, 677981, 29
272, 16, 45, 79, 11, 0, 59.18%, 14, 16, 6, 2658.94, 690882, 29
277, 16, 22, 79, 9, 0, 59.18%, 14, 16, 6, 2676.23, 704378, 29
282, 17, 19, 79, 8, 0, 59.18%, 14, 16, 6, 2670.30, 717652, 29
287, 17, 19, 79, 8, 0, 59.18%, 14, 16, 6, 2473.85, 730414, 29
292, 18, 18, 79, 8, 0, 59.18%, 14, 16, 6, 2475.53, 743345, 29
297, 18, 18, 79, 8, 0, 59.18%, 14, 16, 6, 2402.39, 755163, 29
302, 18, 45, 79, 8, 0, 59.18%, 14, 16, 6, 2457.59, 767027, 29
308, 19, 10, 79, 8, 0, 59.18%, 14, 16, 6, 2307.36, 777903, 29
313, 19, 18, 79, 8, 0, 59.18%, 14, 16, 6, 2225.56, 789290, 29
318, 19, 73, 79, 7, 0, 59.18%, 14, 16, 6, 2287.99, 801126, 29
323, 20, 0, 79, 7, 0, 59.18%, 14, 16, 6, 2515.70, 814097, 29
328, 20, 44, 80, 8, 0, 61.22%, 14, 16, 6, 2456.65, 826257, 30
333, 20, 44, 81, 8, 0, 61.22%, 15, 16, 6, 2284.92, 837233, 30
338, 20, 79, 82, 9, 0, 61.22%, 15, 16, 6, 2214.27, 848151, 30
343, 20, 79, 83, 10, 0, 61.22%, 15, 16, 6, 2379.94, 860245, 30
349, 20, 79, 83, 10, 0, 61.22%, 15, 16, 6, 2562.69, 873346, 30
354, 20, 79, 83, 9, 0, 61.22%, 15, 17, 6, 2468.28, 884266, 30
359, 20, 79, 83, 9, 0, 61.22%, 15, 17, 6, 2594.26, 898135, 30
364, 20, 5, 84, 10, 0, 61.22%, 15, 17, 6, 2342.84, 909676, 30
369, 20, 81, 87, 13, 0, 61.22%, 15, 17, 7, 2119.21, 920714, 30
374, 20, 18, 87, 13, 0, 61.22%, 15, 17, 7, 1766.30, 929601, 30
379, 21, 79, 87, 12, 0, 61.22%, 15, 17, 7, 2043.07, 940108, 30
385, 21, 79, 87, 12, 0, 61.22%, 15, 17, 7, 2098.11, 951789, 30
390, 21, 38, 87, 12, 0, 61.22%, 15, 17, 7, 2228.86, 963552, 30
395, 21, 18, 87, 11, 0, 61.22%, 15, 17, 7, 2356.96, 974994, 30
400, 21, 85, 87, 11, 0, 61.22%, 15, 17, 7, 2452.37, 987769, 30
405, 22, 5, 89, 9, 0, 61.22%, 15, 17, 7, 2702.27, 1001843, 30
410, 22, 79, 89, 8, 0, 61.22%, 15, 17, 7, 2805.22, 1016588, 30
415, 22, 79, 89, 8, 0, 61.22%, 15, 17, 7, 2775.97, 1030906, 30
421, 22, 87, 89, 8, 0, 61.22%, 15, 17, 7, 2652.37, 1044710, 30
426, 23, 18, 89, 7, 0, 61.22%, 15, 17, 7, 2680.63, 1058451, 30
431, 23, 5, 89, 6, 0, 61.22%, 15, 17, 7, 2553.96, 1071298, 30
436, 23, 73, 89, 6, 0, 61.22%, 15, 17, 7, 2343.85, 1082998, 30
441, 23, 83, 89, 6, 0, 61.22%, 15, 17, 7, 2447.22, 1095276, 30
446, 24, 18, 89, 6, 0, 61.22%, 15, 17, 7, 2540.50, 1108684, 30
451, 24, 79, 89, 5, 0, 61.22%, 15, 17, 7, 2304.71, 1120352, 30
456, 24, 19, 89, 5, 0, 61.22%, 15, 17, 7, 2695.37, 1134822, 30
462, 25, 45, 89, 5, 0, 61.22%, 15, 17, 7, 2350.27, 1147142, 30
467, 25, 10, 89, 5, 0, 61.22%, 15, 17, 7, 2487.06, 1160411, 30
472, 26, 45, 89, 5, 0, 61.22%, 15, 17, 7, 2430.49, 1172781, 30
477, 26, 45, 89, 4, 0, 61.22%, 15, 17, 7, 2261.77, 1184163, 30
482, 26, 85, 89, 4, 0, 61.22%, 15, 17, 7, 2442.39, 1197054, 30
487, 27, 19, 89, 4, 0, 61.22%, 15, 17, 7, 2488.67, 1209728, 30
492, 27, 11, 89, 4, 0, 61.22%, 15, 17, 7, 2464.01, 1222242, 30
498, 27, 18, 89, 4, 0, 61.22%, 15, 17, 7, 2253.48, 1233494, 30
503, 27, 79, 89, 4, 0, 61.22%, 15, 17, 7, 2310.08, 1245215, 30
508, 28, 45, 89, 4, 0, 61.22%, 15, 17, 7, 2185.48, 1256711, 30
513, 28, 10, 89, 4, 0, 61.22%, 15, 17, 7, 1936.24, 1266111, 30
518, 28, 79, 89, 4, 0, 61.22%, 15, 17, 7, 2128.14, 1276562, 30
523, 28, 19, 89, 4, 0, 61.22%, 15, 17, 7, 2068.00, 1287533, 30
528, 29, 87, 89, 4, 0, 61.22%, 15, 17, 7, 2196.15, 1298920, 30
533, 29, 45, 89, 4, 0, 61.22%, 15, 17, 7, 2225.66, 1310453, 30
538, 29, 45, 89, 4, 0, 61.22%, 15, 17, 7, 2065.58, 1320989, 30
543, 30, 15, 89, 4, 0, 61.22%, 15, 17, 7, 2435.55, 1333557, 30
549, 30, 79, 89, 2, 0, 61.22%, 15, 17, 7, 2197.51, 1345048, 30
554, 30, 87, 89, 2, 0, 61.22%, 15, 17, 7, 2217.65, 1356949, 30
559, 30, 45, 89, 2, 0, 61.22%, 15, 17, 7, 2572.96, 1369886, 30
564, 31, 45, 89, 2, 0, 61.22%, 15, 17, 7, 2801.46, 1384486, 30
569, 31, 83, 89, 2, 0, 61.22%, 15, 17, 7, 2720.97, 1398429, 30
574, 31, 69, 89, 2, 0, 61.22%, 15, 17, 7, 2718.74, 1412938, 30
580, 32, 79, 89, 2, 0, 61.22%, 15, 17, 7, 2268.56, 1424343, 30
585, 32, 5, 89, 2, 0, 61.22%, 15, 17, 7, 2379.74, 1436221, 30
590, 32, 79, 89, 2, 0, 61.22%, 15, 17, 7, 2647.80, 1450040, 30
595, 32, 49, 89, 2, 0, 61.22%, 15, 17, 7, 2839.97, 1464985, 30
600, 33, 6, 89, 2, 0, 61.22%, 15, 17, 7, 2295.90, 1476230, 30
605, 33, 49, 89, 2, 0, 61.22%, 15, 17, 7, 2302.69, 1488495, 30
610, 33, 18, 89, 2, 0, 61.22%, 15, 17, 7, 2386.74, 1501434, 30
615, 34, 79, 90, 3, 0, 61.22%, 15, 17, 7, 2370.97, 1512948, 30
621, 34, 45, 90, 3, 0, 61.22%, 15, 17, 7, 2645.83, 1527154, 30
626, 34, 79, 90, 3, 0, 61.22%, 15, 17, 7, 2623.46, 1540196, 30
631, 35, 79, 90, 3, 0, 61.22%, 15, 17, 7, 2883.76, 1554645, 30
636, 35, 70, 90, 3, 0, 61.22%, 15, 17, 7, 2704.45, 1568480, 30
641, 35, 58, 90, 3, 0, 61.22%, 15, 17, 7, 2567.29, 1580569, 30
646, 36, 79, 90, 3, 0, 61.22%, 15, 17, 7, 2487.19, 1593547, 30
651, 36, 79, 92, 4, 0, 61.22%, 15, 17, 7, 2334.24, 1605354, 30
656, 36, 10, 92, 4, 0, 61.22%, 15, 17, 7, 2621.12, 1618784, 30
661, 36, 13, 92, 4, 0, 61.22%, 15, 17, 7, 2220.27, 1629849, 30
666, 37, 45, 92, 3, 0, 61.22%, 15, 17, 7, 2324.56, 1641628, 30
672, 37, 10, 93, 4, 0, 61.22%, 15, 17, 7, 2297.62, 1653238, 30
677, 37, 49, 94, 5, 0, 61.22%, 15, 17, 7, 2551.40, 1666643, 30
682, 38, 3, 94, 5, 0, 61.22%, 15, 17, 7, 2795.24, 1681023, 30
687, 38, 18, 95, 6, 0, 61.22%, 15, 17, 7, 2663.31, 1694715, 30
692, 38, 5, 95, 6, 0, 61.22%, 15, 17, 7, 2937.00, 1710211, 30
697, 39, 8, 95, 6, 0, 61.22%, 15, 17, 7, 2938.79, 1724854, 30
702, 39, 79, 96, 7, 0, 61.22%, 15, 17, 7, 3029.12, 1740511, 30
708, 40, 18, 96, 7, 0, 61.22%, 15, 17, 7, 2864.50, 1754811, 30
713, 40, 6, 96, 7, 0, 61.22%, 15, 17, 7, 2662.33, 1768473, 30
718, 40, 4, 97, 7, 0, 61.22%, 15, 17, 7, 2747.92, 1782708, 30
723, 41, 45, 98, 7, 0, 61.22%, 15, 17, 7, 2875.69, 1797442, 30
728, 41, 79, 100, 8, 0, 61.22%, 15, 17, 7, 2625.28, 1810103, 30
733, 41, 45, 100, 8, 0, 61.22%, 15, 17, 7, 2786.68, 1823785, 30
738, 42, 45, 100, 8, 0, 61.22%, 15, 17, 7, 2867.57, 1838086, 30
743, 42, 94, 100, 8, 0, 61.22%, 15, 17, 7, 2927.51, 1853308, 30
748, 42, 6, 100, 7, 0, 61.22%, 15, 17, 7, 2921.84, 1868292, 30
754, 43, 3, 102, 7, 0, 61.22%, 15, 17, 7, 2874.10, 1883061, 30
759, 43, 19, 102, 6, 0, 61.22%, 15, 17, 7, 2981.93, 1898549, 30
764, 43, 99, 104, 7, 0, 61.22%, 15, 17, 8, 2649.90, 1911774, 30
769, 43, 104, 105, 7, 0, 61.22%, 15, 17, 8, 2943.15, 1924378, 30
774, 44, 103, 105, 6, 0, 61.22%, 15, 17, 8, 2748.77, 1938921, 30
779, 44, 73, 105, 5, 0, 61.22%, 15, 17, 8, 2416.17, 1950792, 30
784, 44, 73, 106, 4, 0, 61.22%, 15, 17, 9, 2606.74, 1964105, 30
789, 44, 79, 106, 4, 0, 61.22%, 15, 17, 9, 2032.23, 1973628, 30
794, 44, 99, 106, 4, 0, 61.22%, 15, 17, 9, 2403.67, 1986539, 30
800, 45, 6, 106, 3, 0, 61.22%, 15, 17, 9, 2445.37, 1999642, 30
805, 45, 79, 106, 2, 0, 61.22%, 15, 17, 9, 2267.21, 2010507, 30
810, 45, 79, 106, 1, 0, 61.22%, 15, 17, 9, 2292.05, 2022314, 30
815, 46, 45, 106, 1, 0, 61.22%, 15, 17, 9, 2458.45, 2034815, 30
820, 46, 45, 106, 1, 0, 61.22%, 15, 17, 9, 2530.09, 2048322, 30
825, 46, 18, 106, 1, 0, 61.22%, 15, 17, 9, 2709.24, 2062323, 30
830, 47, 79, 106, 1, 0, 61.22%, 15, 17, 9, 2336.12, 2076287, 30
835, 47, 53, 106, 1, 0, 61.22%, 15, 17, 9, 2407.75, 2089727, 30
839, 47, 49, 106, 1, 0, 61.22%, 15, 17, 9, 2796.59, 2101046, 30
