# unix_time, cycles_done, cur_path, paths_total, pending_total, pending_favs, map_size, unique_crashes, unique_hangs, max_depth, execs_per_sec
1677382145, 18446744073709551615, 0, 4, 4, 1, 0.00%, 0, 0, 1, 0.00
1677382149, 0, 0, 4, 4, 1, 0.00%, 0, 0, 1, inf
1677382154, 2, 4, 7, 0, 0, 0.02%, 1, 0, 2, 3362.35
1677382159, 4, 7, 9, 2, 1, 0.03%, 1, 0, 4, 3447.52
1677382164, 4, 8, 9, 1, 1, 0.03%, 1, 0, 4, 3516.65
1677382170, 7, 4, 9, 0, 0, 0.03%, 1, 0, 4, 3608.18
1677382175, 9, 8, 9, 0, 0, 0.03%, 1, 0, 4, 3638.86
1677382180, 12, 5, 9, 0, 0, 0.03%, 1, 0, 4, 3684.26
1677382185, 15, 1, 9, 0, 0, 0.03%, 1, 0, 4, 3629.00
1677382190, 17, 7, 9, 0, 0, 0.03%, 1, 0, 4, 3660.48
1677382195, 20, 3, 9, 0, 0, 0.03%, 1, 0, 4, 3634.06
1677382201, 22, 6, 9, 0, 0, 0.03%, 1, 0, 4, 3426.60
1677382206, 25, 1, 9, 0, 0, 0.03%, 1, 0, 4, 3465.73
1677382211, 27, 3, 9, 0, 0, 0.03%, 1, 0, 4, 2984.00
1677382216, 29, 7, 9, 0, 0, 0.03%, 1, 0, 4, 3387.41
1677382221, 32, 2, 9, 0, 0, 0.03%, 1, 0, 4, 3498.01
1677382226, 34, 6, 9, 0, 0, 0.03%, 1, 0, 4, 3476.55
1677382232, 36, 8, 9, 0, 0, 0.03%, 1, 0, 4, 3347.32
1677382237, 39, 1, 9, 0, 0, 0.03%, 1, 0, 4, 3267.41
1677382242, 41, 6, 9, 0, 0, 0.03%, 1, 0, 4, 3501.24
1677382247, 44, 1, 9, 0, 0, 0.03%, 1, 0, 4, 3582.56
1677382252, 46, 8, 9, 0, 0, 0.03%, 1, 0, 4, 3595.43
1677382257, 49, 1, 9, 0, 0, 0.03%, 1, 0, 4, 3430.42
1677382263, 51, 6, 9, 0, 0, 0.03%, 1, 0, 4, 3550.85
1677382268, 54, 1, 9, 0, 0, 0.03%, 1, 0, 4, 3585.21
1677382273, 56, 5, 9, 0, 0, 0.03%, 1, 0, 4, 3339.32
1677382278, 58, 5, 9, 0, 0, 0.03%, 1, 0, 4, 3175.94
1677382283, 61, 0, 9, 0, 0, 0.03%, 1, 0, 4, 3509.36
1677382288, 63, 2, 9, 0, 0, 0.03%, 1, 0, 4, 3004.58
1677382293, 65, 2, 9, 0, 0, 0.03%, 1, 0, 4, 2793.16
1677382298, 67, 4, 9, 0, 0, 0.03%, 1, 0, 4, 3197.12
1677382304, 69, 8, 9, 0, 0, 0.03%, 1, 0, 4, 3452.26
1677382309, 72, 1, 9, 0, 0, 0.03%, 1, 0, 4, 3097.67
1677382314, 74, 2, 9, 0, 0, 0.03%, 2, 0, 4, 2900.22
1677382319, 76, 4, 9, 0, 0, 0.03%, 2, 0, 4, 3167.13
1677382324, 78, 8, 9, 0, 0, 0.03%, 3, 0, 4, 3282.99
1677382329, 81, 0, 9, 0, 0, 0.03%, 3, 0, 4, 3344.13
1677382335, 83, 5, 9, 0, 0, 0.03%, 3, 0, 4, 3414.80
1677382340, 85, 8, 9, 0, 0, 0.03%, 3, 0, 4, 3271.48
1677382345, 88, 0, 9, 0, 0, 0.03%, 3, 0, 4, 3367.48
1677382350, 90, 6, 9, 0, 0, 0.03%, 3, 0, 4, 3469.97
1677382355, 93, 0, 9, 0, 0, 0.03%, 3, 0, 4, 3499.86
1677382360, 95, 5, 9, 0, 0, 0.03%, 3, 0, 4, 3467.54
1677382365, 97, 8, 9, 0, 0, 0.03%, 3, 0, 4, 3458.40
1677382371, 100, 4, 9, 0, 0, 0.03%, 3, 0, 4, 3536.59
1677382376, 102, 8, 9, 0, 0, 0.03%, 3, 0, 4, 3537.99
1677382381, 105, 3, 9, 0, 0, 0.03%, 3, 0, 4, 3574.50
1677382386, 107, 8, 9, 0, 0, 0.03%, 3, 0, 4, 3567.34
1677382391, 110, 2, 9, 0, 0, 0.03%, 3, 0, 4, 3573.32
1677382396, 112, 8, 9, 0, 0, 0.03%, 3, 0, 4, 3495.97
1677382401, 115, 2, 9, 0, 0, 0.03%, 3, 0, 4, 3513.85
1677382407, 117, 6, 9, 0, 0, 0.03%, 3, 0, 4, 3416.69
1677382412, 120, 0, 9, 0, 0, 0.03%, 3, 0, 4, 3423.92
1677382417, 122, 5, 9, 0, 0, 0.03%, 3, 0, 4, 3513.58
1677382422, 125, 0, 9, 0, 0, 0.03%, 3, 0, 4, 3517.21
1677382427, 127, 5, 9, 0, 0, 0.03%, 3, 0, 4, 3538.85
1677382432, 129, 8, 9, 0, 0, 0.03%, 3, 0, 4, 3563.04
1677382437, 132, 5, 9, 0, 0, 0.03%, 3, 0, 4, 3556.68
1677382443, 135, 0, 9, 0, 0, 0.03%, 3, 0, 4, 3542.69
1677382448, 137, 5, 9, 0, 0, 0.03%, 3, 0, 4, 3562.03
1677382453, 140, 0, 9, 0, 0, 0.03%, 3, 0, 4, 3568.51
1677382458, 142, 5, 9, 0, 0, 0.03%, 3, 0, 4, 3558.72
1677382463, 145, 0, 9, 0, 0, 0.03%, 3, 0, 4, 3582.57
1677382468, 147, 5, 9, 0, 0, 0.03%, 3, 0, 4, 3594.07
1677382474, 149, 8, 9, 0, 0, 0.03%, 3, 0, 4, 3480.59
1677382479, 152, 4, 9, 0, 0, 0.03%, 3, 0, 4, 3472.85
1677382484, 154, 8, 9, 0, 0, 0.03%, 3, 0, 4, 3496.79
1677382489, 157, 3, 9, 0, 0, 0.03%, 3, 0, 4, 3554.85
1677382494, 159, 8, 9, 0, 0, 0.03%, 3, 0, 4, 3484.39
1677382499, 162, 1, 9, 0, 0, 0.03%, 3, 0, 4, 3522.98
1677382504, 164, 8, 9, 0, 0, 0.03%, 3, 0, 4, 3523.72
1677382510, 167, 1, 9, 0, 0, 0.03%, 3, 0, 4, 3473.51
1677382515, 169, 5, 9, 0, 0, 0.03%, 3, 0, 4, 3476.91
1677382520, 171, 8, 9, 0, 0, 0.03%, 3, 0, 4, 3484.57
1677382525, 174, 4, 9, 0, 0, 0.03%, 3, 0, 4, 3514.41
1677382530, 176, 8, 9, 0, 0, 0.03%, 3, 0, 4, 3461.86
1677382535, 179, 3, 9, 0, 0, 0.03%, 3, 0, 4, 3480.98
1677382540, 181, 8, 9, 0, 0, 0.03%, 3, 0, 4, 3506.00
1677382545, 184, 3, 9, 0, 0, 0.03%, 3, 0, 4, 3572.56
1677382550, 186, 8, 9, 0, 0, 0.03%, 3, 0, 4, 3485.52
1677382556, 189, 2, 9, 0, 0, 0.03%, 3, 0, 4, 3473.19
1677382561, 191, 7, 9, 0, 0, 0.03%, 3, 0, 4, 3526.91
1677382566, 194, 2, 9, 0, 0, 0.03%, 3, 0, 4, 3520.90
1677382571, 196, 7, 9, 0, 0, 0.03%, 3, 0, 4, 3543.83
1677382576, 199, 1, 9, 0, 0, 0.03%, 3, 0, 4, 3514.86
1677382581, 201, 6, 9, 0, 0, 0.03%, 3, 0, 4, 3515.50
1677382587, 204, 0, 9, 0, 0, 0.03%, 3, 0, 4, 3478.23
1677382592, 206, 5, 9, 0, 0, 0.03%, 3, 0, 4, 3485.16
1677382597, 208, 8, 9, 0, 0, 0.03%, 3, 0, 4, 3513.96
1677382602, 211, 4, 9, 0, 0, 0.03%, 3, 0, 4, 3540.40
1677382607, 214, 0, 9, 0, 0, 0.03%, 3, 0, 4, 3525.43
1677382612, 216, 5, 9, 0, 0, 0.03%, 3, 0, 4, 3502.24
1677382618, 219, 0, 9, 0, 0, 0.03%, 3, 0, 4, 3509.17
1677382623, 221, 5, 9, 0, 0, 0.03%, 3, 0, 4, 3473.48
1677382628, 223, 8, 9, 0, 0, 0.03%, 3, 0, 4, 3507.36
1677382633, 226, 4, 9, 0, 0, 0.03%, 3, 0, 4, 3406.91
1677382638, 228, 8, 9, 0, 0, 0.03%, 3, 0, 4, 3539.60
1677382643, 231, 3, 9, 0, 0, 0.03%, 3, 0, 4, 3564.82
1677382648, 233, 8, 9, 0, 0, 0.03%, 3, 0, 4, 3552.34
1677382654, 236, 3, 9, 0, 0, 0.03%, 3, 0, 4, 3496.29
1677382659, 238, 7, 9, 0, 0, 0.03%, 3, 0, 4, 3497.70
1677382664, 241, 3, 9, 0, 0, 0.03%, 3, 0, 4, 3563.43
1677382669, 243, 8, 9, 0, 0, 0.03%, 3, 0, 4, 3577.15
1677382674, 246, 4, 9, 0, 0, 0.03%, 3, 0, 4, 3593.43
1677382680, 249, 0, 9, 0, 0, 0.03%, 3, 0, 4, 3603.77
1677382685, 251, 5, 9, 0, 0, 0.03%, 3, 0, 4, 3607.69
1677382690, 254, 0, 9, 0, 0, 0.03%, 3, 0, 4, 3609.37
1677382695, 256, 6, 9, 0, 0, 0.03%, 3, 0, 4, 3585.48
1677382700, 259, 1, 9, 0, 0, 0.03%, 3, 0, 4, 3609.01
1677382705, 261, 6, 9, 0, 0, 0.03%, 3, 0, 4, 3586.05
1677382711, 264, 1, 9, 0, 0, 0.03%, 3, 0, 4, 3575.80
1677382716, 266, 6, 9, 0, 0, 0.03%, 3, 0, 4, 3539.88
1677382721, 269, 1, 9, 0, 0, 0.03%, 3, 0, 4, 3575.12
1677382726, 271, 6, 9, 0, 0, 0.03%, 3, 0, 4, 3540.21
1677382731, 274, 1, 9, 0, 0, 0.03%, 3, 0, 4, 3576.86
1677382736, 276, 8, 9, 0, 0, 0.03%, 3, 0, 4, 3596.30
1677382741, 279, 4, 9, 0, 0, 0.03%, 3, 0, 4, 3586.67
1677382747, 281, 8, 9, 0, 0, 0.03%, 3, 0, 4, 3556.10
1677382752, 284, 4, 9, 0, 0, 0.03%, 3, 0, 4, 3518.40
1677382757, 286, 8, 9, 0, 0, 0.03%, 3, 0, 4, 3505.95
1677382762, 289, 4, 9, 0, 0, 0.03%, 3, 0, 4, 3544.65
1677382767, 291, 8, 9, 0, 0, 0.03%, 3, 0, 4, 3567.33
1677382772, 294, 3, 9, 0, 0, 0.03%, 3, 0, 4, 3510.97
1677382777, 296, 7, 9, 0, 0, 0.03%, 3, 0, 4, 3431.41
1677382783, 299, 0, 9, 0, 0, 0.03%, 3, 0, 4, 3460.75
1677382788, 301, 5, 9, 0, 0, 0.03%, 3, 0, 4, 3533.05
1677382793, 304, 0, 9, 0, 0, 0.03%, 3, 0, 4, 3529.92
1677382798, 306, 5, 9, 0, 0, 0.03%, 3, 0, 4, 3522.16
1677382803, 308, 8, 9, 0, 0, 0.03%, 3, 0, 4, 3449.07
1677382808, 311, 3, 9, 0, 0, 0.03%, 3, 0, 4, 3515.89
1677382814, 313, 7, 9, 0, 0, 0.03%, 3, 0, 4, 3493.02
1677382819, 316, 2, 9, 0, 0, 0.03%, 3, 0, 4, 3522.70
1677382824, 318, 7, 9, 0, 0, 0.03%, 3, 0, 4, 3552.54
1677382829, 321, 1, 9, 0, 0, 0.03%, 3, 0, 4, 3526.73
1677382834, 323, 5, 9, 0, 0, 0.03%, 3, 0, 4, 3478.54
1677382839, 325, 8, 9, 0, 0, 0.03%, 3, 0, 4, 3463.33
1677382845, 328, 4, 9, 0, 0, 0.03%, 3, 0, 4, 3519.27
1677382850, 330, 8, 9, 0, 0, 0.03%, 3, 0, 4, 3529.55
1677382855, 333, 4, 9, 0, 0, 0.03%, 3, 0, 4, 3539.44
1677382860, 335, 8, 9, 0, 0, 0.03%, 3, 0, 4, 3526.74
1677382865, 338, 4, 9, 0, 0, 0.03%, 3, 0, 4, 3541.55
1677382870, 340, 8, 9, 0, 0, 0.03%, 3, 0, 4, 3528.64
1677382876, 343, 3, 9, 0, 0, 0.03%, 3, 0, 4, 3521.79
1677382881, 345, 7, 9, 0, 0, 0.03%, 3, 0, 4, 3442.27
1677382886, 348, 3, 9, 0, 0, 0.03%, 3, 0, 4, 3553.33
1677382891, 350, 8, 9, 0, 0, 0.03%, 3, 0, 4, 3521.24
1677382896, 353, 2, 9, 0, 0, 0.03%, 3, 0, 4, 3492.21
1677382901, 355, 5, 9, 0, 0, 0.03%, 3, 0, 4, 3485.46
1677382906, 357, 8, 9, 0, 0, 0.03%, 3, 0, 4, 3439.38
1677382911, 360, 4, 9, 0, 0, 0.03%, 3, 0, 4, 3498.98
1677382917, 362, 8, 9, 0, 0, 0.03%, 3, 0, 4, 3407.63
1677382922, 364, 8, 9, 0, 0, 0.03%, 3, 0, 4, 3102.57
1677382927, 366, 8, 9, 0, 0, 0.03%, 3, 0, 4, 2671.39
1677382932, 368, 8, 9, 0, 0, 0.03%, 3, 0, 4, 2949.46
1677382937, 371, 3, 9, 0, 0, 0.03%, 3, 0, 4, 3247.35
1677382942, 373, 7, 9, 0, 0, 0.03%, 3, 0, 4, 3433.81
1677382948, 375, 7, 9, 0, 0, 0.03%, 3, 0, 4, 2943.26
1677382953, 377, 8, 9, 0, 0, 0.03%, 3, 0, 4, 2962.21
1677382958, 380, 3, 9, 0, 0, 0.03%, 3, 0, 4, 3363.94
1677382963, 382, 6, 9, 0, 0, 0.03%, 3, 0, 4, 3200.42
1677382968, 384, 8, 9, 0, 0, 0.03%, 3, 0, 4, 3046.95
1677382973, 386, 8, 9, 0, 0, 0.03%, 3, 0, 4, 2878.77
1677382978, 388, 8, 9, 0, 0, 0.03%, 3, 0, 4, 3139.65
1677382984, 391, 1, 9, 0, 0, 0.03%, 3, 0, 4, 3173.07
1677382989, 393, 0, 9, 0, 0, 0.03%, 3, 0, 4, 2774.45
1677382994, 395, 0, 9, 0, 0, 0.03%, 3, 0, 4, 2891.02
1677382999, 397, 3, 9, 0, 0, 0.03%, 3, 0, 4, 2895.22
1677383004, 399, 4, 9, 0, 0, 0.03%, 3, 0, 4, 3012.62
1677383009, 401, 7, 9, 0, 0, 0.03%, 3, 0, 4, 3315.25
1677383015, 404, 0, 9, 0, 0, 0.03%, 3, 0, 4, 3412.02
1677383020, 406, 2, 9, 0, 0, 0.03%, 3, 0, 4, 3052.77
1677383025, 407, 8, 9, 0, 0, 0.03%, 3, 0, 4, 2746.65
1677383030, 409, 6, 9, 0, 0, 0.03%, 3, 0, 4, 2458.18
1677383035, 411, 6, 9, 0, 0, 0.03%, 3, 0, 4, 2596.97
1677383040, 413, 3, 9, 0, 0, 0.03%, 3, 0, 4, 2473.36
1677383045, 414, 8, 9, 0, 0, 0.03%, 3, 0, 4, 2354.22
1677383050, 416, 6, 9, 0, 0, 0.03%, 3, 0, 4, 2472.75
1677383055, 418, 5, 9, 0, 0, 0.03%, 3, 0, 4, 2623.70
1677383061, 420, 5, 9, 0, 0, 0.03%, 3, 0, 4, 2879.82
1677383066, 422, 6, 9, 0, 0, 0.03%, 3, 0, 4, 2916.54
1677383071, 424, 7, 9, 0, 0, 0.03%, 3, 0, 4, 2905.98
1677383076, 426, 8, 9, 0, 0, 0.03%, 3, 0, 4, 3040.98
1677383081, 428, 8, 9, 0, 0, 0.03%, 3, 0, 4, 2971.18
1677383086, 430, 8, 9, 0, 0, 0.03%, 3, 0, 4, 2766.00
1677383091, 432, 8, 9, 0, 0, 0.03%, 3, 0, 4, 3042.70
1677383096, 435, 1, 9, 0, 0, 0.03%, 3, 0, 4, 3136.06
1677383102, 437, 4, 9, 0, 0, 0.03%, 3, 0, 4, 3132.25
1677383107, 439, 4, 9, 0, 0, 0.03%, 3, 0, 4, 3085.01
1677383112, 441, 7, 9, 0, 0, 0.03%, 3, 0, 4, 3204.99
1677383117, 444, 0, 9, 0, 0, 0.03%, 3, 0, 4, 3357.57
1677383122, 446, 4, 9, 0, 0, 0.03%, 3, 0, 4, 3355.89
1677383127, 448, 4, 9, 0, 0, 0.03%, 3, 0, 4, 2937.35
1677383133, 450, 4, 9, 0, 0, 0.03%, 3, 0, 4, 2938.93
1677383138, 452, 5, 9, 0, 0, 0.03%, 3, 0, 4, 2912.09
1677383143, 454, 4, 9, 0, 0, 0.03%, 3, 0, 4, 2912.00
1677383148, 456, 6, 9, 0, 0, 0.03%, 3, 0, 4, 3124.95
1677383153, 458, 7, 9, 0, 0, 0.03%, 3, 0, 4, 3144.95
1677383158, 460, 8, 9, 0, 0, 0.03%, 3, 0, 4, 2987.95
1677383163, 463, 1, 9, 0, 0, 0.03%, 3, 0, 4, 3198.53
1677383169, 465, 3, 9, 0, 0, 0.03%, 3, 0, 4, 2954.90
1677383174, 467, 4, 9, 0, 0, 0.03%, 3, 0, 4, 2945.85
1677383179, 469, 7, 9, 0, 0, 0.03%, 3, 0, 4, 3196.21
1677383184, 472, 0, 9, 0, 0, 0.03%, 3, 0, 4, 3177.98
1677383189, 473, 8, 9, 0, 0, 0.03%, 3, 0, 4, 2900.42
1677383194, 476, 2, 9, 0, 0, 0.03%, 3, 0, 4, 3065.31
1677383200, 478, 4, 9, 0, 0, 0.03%, 3, 0, 4, 3164.00
1677383205, 480, 7, 9, 0, 0, 0.03%, 3, 0, 4, 3298.88
1677383210, 483, 1, 9, 0, 0, 0.03%, 3, 0, 4, 3376.08
1677383215, 485, 5, 9, 0, 0, 0.03%, 3, 0, 4, 3321.00
1677383220, 487, 8, 9, 0, 0, 0.03%, 3, 0, 4, 3485.73
1677383225, 490, 2, 9, 0, 0, 0.03%, 3, 0, 4, 3253.89
1677383230, 492, 5, 9, 0, 0, 0.03%, 3, 0, 4, 3365.86
1677383235, 494, 7, 9, 0, 0, 0.03%, 3, 0, 4, 3168.77
1677383241, 496, 8, 9, 0, 0, 0.03%, 3, 0, 4, 3035.40
1677383246, 499, 0, 9, 0, 0, 0.03%, 3, 0, 4, 3190.68
1677383251, 501, 3, 9, 0, 0, 0.03%, 3, 0, 4, 3172.07
1677383256, 503, 8, 9, 0, 0, 0.03%, 3, 0, 4, 3452.14
1677383261, 506, 1, 9, 0, 0, 0.03%, 3, 0, 4, 3398.94
1677383266, 508, 5, 9, 0, 0, 0.03%, 3, 0, 4, 3399.88
1677383271, 510, 8, 9, 0, 0, 0.03%, 3, 0, 4, 3443.30
1677383276, 513, 4, 9, 0, 0, 0.03%, 3, 0, 4, 3548.36
1677383281, 515, 8, 9, 0, 0, 0.03%, 3, 0, 4, 3570.95
1677383287, 518, 2, 9, 0, 0, 0.03%, 3, 0, 4, 3496.42
1677383292, 520, 7, 9, 0, 0, 0.03%, 3, 0, 4, 3400.68
1677383297, 522, 8, 9, 0, 0, 0.03%, 3, 0, 4, 3114.28
1677383302, 525, 0, 9, 0, 0, 0.03%, 3, 0, 4, 3206.63
1677383307, 527, 4, 9, 0, 0, 0.03%, 3, 0, 4, 3349.29
1677383312, 529, 8, 9, 0, 0, 0.03%, 3, 0, 4, 3466.28
1677383318, 532, 4, 9, 0, 0, 0.03%, 3, 0, 4, 3593.22
1677383323, 534, 8, 9, 0, 0, 0.03%, 3, 0, 4, 3465.58
1677383328, 537, 3, 9, 0, 0, 0.03%, 3, 0, 4, 3517.33
1677383333, 539, 8, 9, 0, 0, 0.03%, 3, 0, 4, 3472.88
1677383338, 541, 8, 9, 0, 0, 0.03%, 3, 0, 4, 3104.21
1677383343, 544, 3, 9, 0, 0, 0.03%, 3, 0, 4, 3246.33
1677383348, 546, 5, 9, 0, 0, 0.03%, 3, 0, 4, 3209.90
1677383354, 548, 7, 9, 0, 0, 0.03%, 3, 0, 4, 3117.58
1677383359, 551, 0, 9, 0, 0, 0.03%, 3, 0, 4, 3325.52
1677383364, 553, 5, 9, 0, 0, 0.03%, 3, 0, 4, 3411.77
1677383369, 555, 6, 9, 0, 0, 0.03%, 3, 0, 4, 3215.93
1677383374, 557, 8, 9, 0, 0, 0.03%, 3, 0, 4, 3215.42
1677383379, 560, 3, 9, 0, 0, 0.03%, 3, 0, 4, 3408.10
1677383384, 562, 7, 9, 0, 0, 0.03%, 3, 0, 4, 3397.57
1677383390, 565, 2, 9, 0, 0, 0.03%, 3, 0, 4, 3443.10
1677383395, 567, 5, 9, 0, 0, 0.03%, 3, 0, 4, 3444.02
1677383400, 569, 8, 9, 0, 0, 0.03%, 3, 0, 4, 3469.25
1677383405, 572, 3, 9, 0, 0, 0.03%, 3, 0, 4, 3474.26
1677383410, 574, 8, 9, 0, 0, 0.03%, 3, 0, 4, 3455.75
1677383415, 577, 1, 9, 0, 0, 0.03%, 3, 0, 4, 3321.07
1677383420, 579, 2, 9, 0, 0, 0.03%, 3, 0, 4, 3085.17
1677383425, 581, 4, 9, 0, 0, 0.03%, 3, 0, 4, 3072.90
1677383431, 583, 5, 9, 0, 0, 0.03%, 3, 0, 4, 2955.48
1677383436, 585, 7, 9, 0, 0, 0.03%, 3, 0, 4, 3198.27
1677383441, 587, 8, 9, 0, 0, 0.03%, 3, 0, 4, 3214.65
1677383446, 590, 2, 9, 0, 0, 0.03%, 3, 0, 4, 3241.56
1677383451, 592, 3, 9, 0, 0, 0.03%, 3, 0, 4, 3067.77
1677383456, 594, 6, 9, 0, 0, 0.03%, 3, 0, 4, 3227.18
1677383461, 596, 8, 9, 0, 0, 0.03%, 3, 0, 4, 3329.95
1677383466, 599, 1, 9, 0, 0, 0.03%, 3, 0, 4, 3184.55
1677383471, 601, 4, 9, 0, 0, 0.03%, 3, 0, 4, 3349.35
1677383477, 603, 8, 9, 0, 0, 0.03%, 3, 0, 4, 3365.54
1677383482, 606, 0, 9, 0, 0, 0.03%, 3, 0, 4, 3409.10
1677383487, 608, 5, 9, 0, 0, 0.03%, 3, 0, 4, 3419.40
1677383492, 610, 8, 9, 0, 0, 0.03%, 3, 0, 4, 3493.42
1677383497, 613, 4, 9, 0, 0, 0.03%, 3, 0, 4, 3511.78
1677383502, 615, 8, 9, 0, 0, 0.03%, 3, 0, 4, 3491.99
1677383507, 618, 3, 9, 0, 0, 0.03%, 3, 0, 4, 3474.22
1677383513, 620, 8, 9, 0, 0, 0.03%, 3, 0, 4, 3445.83
1677383518, 623, 3, 9, 0, 0, 0.03%, 3, 0, 4, 3490.61
1677383523, 625, 8, 9, 0, 0, 0.03%, 3, 0, 4, 3546.20
1677383528, 628, 2, 9, 0, 0, 0.03%, 3, 0, 4, 3456.84
1677383533, 630, 7, 9, 0, 0, 0.03%, 3, 0, 4, 3524.38
1677383538, 633, 1, 9, 0, 0, 0.03%, 3, 0, 4, 3544.41
1677383544, 635, 5, 9, 0, 0, 0.03%, 3, 0, 4, 3474.71
1677383549, 638, 0, 9, 0, 0, 0.03%, 3, 0, 4, 3512.19
1677383554, 640, 5, 9, 0, 0, 0.03%, 3, 0, 4, 3528.06
1677383559, 643, 0, 9, 0, 0, 0.03%, 3, 0, 4, 3485.45
1677383564, 645, 5, 9, 0, 0, 0.03%, 3, 0, 4, 3492.00
1677383569, 647, 8, 9, 0, 0, 0.03%, 3, 0, 4, 3447.23
1677383574, 650, 3, 9, 0, 0, 0.03%, 3, 0, 4, 3476.57
1677383580, 652, 8, 9, 0, 0, 0.03%, 3, 0, 4, 3515.93
1677383585, 655, 2, 9, 0, 0, 0.03%, 3, 0, 4, 3465.12
1677383590, 657, 8, 9, 0, 0, 0.03%, 3, 0, 4, 3527.82
1677383595, 660, 1, 9, 0, 0, 0.03%, 3, 0, 4, 3488.28
1677383600, 662, 8, 9, 0, 0, 0.03%, 3, 0, 4, 3543.88
1677383605, 665, 3, 9, 0, 0, 0.03%, 3, 0, 4, 3554.86
1677383611, 667, 7, 9, 0, 0, 0.03%, 3, 0, 4, 3554.40
1677383616, 670, 2, 9, 0, 0, 0.03%, 3, 0, 4, 3516.23
1677383621, 672, 8, 9, 0, 0, 0.03%, 3, 0, 4, 3544.94
1677383626, 675, 3, 9, 0, 0, 0.03%, 3, 0, 4, 3508.36
1677383631, 677, 8, 9, 0, 0, 0.03%, 3, 0, 4, 3512.10
1677383636, 680, 3, 9, 0, 0, 0.03%, 3, 0, 4, 3516.44
1677383642, 682, 8, 9, 0, 0, 0.03%, 3, 0, 4, 3545.94
1677383647, 685, 2, 9, 0, 0, 0.03%, 3, 0, 4, 3500.15
1677383652, 687, 7, 9, 0, 0, 0.03%, 3, 0, 4, 3527.85
1677383657, 690, 2, 9, 0, 0, 0.03%, 3, 0, 4, 3500.26
1677383662, 692, 7, 9, 0, 0, 0.03%, 3, 0, 4, 3540.27
1677383667, 695, 1, 9, 0, 0, 0.03%, 3, 0, 4, 3512.87
1677383672, 697, 7, 9, 0, 0, 0.03%, 3, 0, 4, 3511.90
1677383677, 700, 0, 9, 0, 0, 0.03%, 3, 0, 4, 3482.36
1677383683, 702, 5, 9, 0, 0, 0.03%, 3, 0, 4, 3515.83
1677383688, 705, 0, 9, 0, 0, 0.03%, 3, 0, 4, 3440.94
1677383693, 707, 3, 9, 0, 0, 0.03%, 3, 0, 4, 3352.04
1677383698, 709, 7, 9, 0, 0, 0.03%, 3, 0, 4, 3421.37
1677383703, 712, 1, 9, 0, 0, 0.03%, 3, 0, 4, 3502.00
1677383708, 714, 5, 9, 0, 0, 0.03%, 3, 0, 4, 3502.00
1677383714, 717, 0, 9, 0, 0, 0.03%, 3, 0, 4, 3531.47
1677383719, 719, 5, 9, 0, 0, 0.03%, 3, 0, 4, 3501.46
1677383724, 722, 0, 9, 0, 0, 0.03%, 3, 0, 4, 3459.31
1677383729, 724, 4, 9, 0, 0, 0.03%, 3, 0, 4, 3473.61
1677383734, 726, 8, 9, 0, 0, 0.03%, 3, 0, 4, 3429.66
1677383739, 729, 4, 9, 0, 0, 0.03%, 3, 0, 4, 3432.69
1677383744, 731, 7, 9, 0, 0, 0.03%, 3, 0, 4, 3454.35
1677383749, 734, 1, 9, 0, 0, 0.03%, 3, 0, 4, 3510.73
1677383755, 736, 5, 9, 0, 0, 0.03%, 3, 0, 4, 3532.17
1677383760, 739, 0, 9, 0, 0, 0.03%, 3, 0, 4, 3529.53
1677383765, 741, 4, 9, 0, 0, 0.03%, 3, 0, 4, 3462.72
1677383770, 743, 8, 9, 0, 0, 0.03%, 3, 0, 4, 3500.56
1677383775, 746, 3, 9, 0, 0, 0.03%, 3, 0, 4, 3480.78
1677383780, 748, 8, 9, 0, 0, 0.03%, 3, 0, 4, 3496.18
1677383786, 751, 2, 9, 0, 0, 0.03%, 3, 0, 4, 3459.57
1677383791, 753, 6, 9, 0, 0, 0.03%, 3, 0, 4, 3441.69
1677383796, 756, 0, 9, 0, 0, 0.03%, 3, 0, 4, 3476.88
1677383801, 758, 5, 9, 0, 0, 0.03%, 3, 0, 4, 3448.00
1677383806, 761, 0, 9, 0, 0, 0.03%, 3, 0, 4, 3408.67
1677383811, 763, 6, 9, 0, 0, 0.03%, 3, 0, 4, 3516.12
1677383817, 766, 0, 9, 0, 0, 0.03%, 3, 0, 4, 3496.74
1677383822, 768, 4, 9, 0, 0, 0.03%, 3, 0, 4, 3424.73
1677383827, 770, 8, 9, 0, 0, 0.03%, 3, 0, 4, 3430.94
1677383832, 773, 4, 9, 0, 0, 0.03%, 3, 0, 4, 3495.16
1677383837, 775, 8, 9, 0, 0, 0.03%, 3, 0, 4, 3453.47
1677383842, 778, 4, 9, 0, 0, 0.03%, 3, 0, 4, 3514.90
1677383847, 780, 8, 9, 0, 0, 0.03%, 3, 0, 4, 3525.06
1677383853, 783, 3, 9, 0, 0, 0.03%, 3, 0, 4, 3517.72
1677383858, 785, 8, 9, 0, 0, 0.03%, 3, 0, 4, 3517.46
1677383863, 788, 3, 9, 0, 0, 0.03%, 3, 0, 4, 3561.43
1677383868, 790, 8, 9, 0, 0, 0.03%, 3, 0, 4, 3484.56
1677383873, 793, 1, 9, 0, 0, 0.03%, 3, 0, 4, 3515.96
1677383878, 795, 5, 9, 0, 0, 0.03%, 3, 0, 4, 3455.75
1677383883, 797, 8, 9, 0, 0, 0.03%, 3, 0, 4, 3545.46
1677383889, 800, 5, 9, 0, 0, 0.03%, 3, 0, 4, 3516.29
1677383894, 802, 8, 9, 0, 0, 0.03%, 3, 0, 4, 3482.85
1677383899, 805, 4, 9, 0, 0, 0.03%, 3, 0, 4, 3518.73
1677383904, 807, 8, 9, 0, 0, 0.03%, 3, 0, 4, 3502.68
1677383909, 810, 4, 9, 0, 0, 0.03%, 3, 0, 4, 3479.61
1677383914, 812, 8, 9, 0, 0, 0.03%, 3, 0, 4, 3468.37
1677383920, 815, 3, 9, 0, 0, 0.03%, 3, 0, 4, 3497.38
1677383925, 817, 7, 9, 0, 0, 0.03%, 3, 0, 4, 3505.55
1677383930, 820, 1, 9, 0, 0, 0.03%, 3, 0, 4, 3506.59
1677383935, 822, 5, 9, 0, 0, 0.03%, 3, 0, 4, 3482.20
1677383940, 824, 8, 9, 0, 0, 0.03%, 3, 0, 4, 3476.35
1677383945, 827, 4, 9, 0, 0, 0.03%, 3, 0, 4, 3478.68
1677383950, 830, 0, 9, 0, 0, 0.03%, 3, 0, 4, 3547.33
1677383955, 832, 5, 9, 0, 0, 0.03%, 3, 0, 4, 3527.06
1677383961, 834, 8, 9, 0, 0, 0.03%, 3, 0, 4, 3469.13
1677383966, 837, 3, 9, 0, 0, 0.03%, 3, 0, 4, 3437.61
1677383971, 839, 8, 9, 0, 0, 0.03%, 3, 0, 4, 3482.32
1677383976, 842, 3, 9, 0, 0, 0.03%, 3, 0, 4, 3493.37
1677383981, 844, 7, 9, 0, 0, 0.03%, 3, 0, 4, 3419.53
1677383986, 847, 0, 9, 0, 0, 0.03%, 3, 0, 4, 3433.66
1677383992, 849, 5, 9, 0, 0, 0.03%, 3, 0, 4, 3471.97
1677383997, 851, 8, 9, 0, 0, 0.03%, 3, 0, 4, 3471.51
1677384002, 854, 4, 9, 0, 0, 0.03%, 3, 0, 4, 3498.64
1677384007, 856, 8, 9, 0, 0, 0.03%, 3, 0, 4, 3426.43
1677384012, 859, 2, 9, 0, 0, 0.03%, 3, 0, 4, 3461.77
1677384017, 861, 7, 9, 0, 0, 0.03%, 3, 0, 4, 3402.46
1677384022, 863, 8, 9, 0, 0, 0.03%, 3, 0, 4, 3197.12
1677384027, 866, 1, 9, 0, 0, 0.03%, 3, 0, 4, 3339.45
1677384032, 868, 4, 9, 0, 0, 0.03%, 3, 0, 4, 3386.99
1677384037, 870, 8, 9, 0, 0, 0.03%, 3, 0, 4, 3402.54
1677384043, 873, 0, 9, 0, 0, 0.03%, 3, 0, 4, 3192.78
1677384048, 875, 4, 9, 0, 0, 0.03%, 3, 0, 4, 3390.28
1677384053, 877, 8, 9, 0, 0, 0.03%, 3, 0, 4, 3301.23
1677384058, 880, 3, 9, 0, 0, 0.03%, 3, 0, 4, 3419.19
1677384063, 882, 8, 9, 0, 0, 0.03%, 3, 0, 4, 3429.30
1677384068, 885, 1, 9, 0, 0, 0.03%, 3, 0, 4, 3439.63
1677384074, 887, 7, 9, 0, 0, 0.03%, 3, 0, 4, 3478.36
1677384079, 890, 1, 9, 0, 0, 0.03%, 3, 0, 4, 3491.10
1677384084, 892, 5, 9, 0, 0, 0.03%, 3, 0, 4, 3433.74
1677384089, 895, 0, 9, 0, 0, 0.03%, 3, 0, 4, 3494.01
1677384094, 897, 5, 9, 0, 0, 0.03%, 3, 0, 4, 3436.83
1677384099, 899, 8, 9, 0, 0, 0.03%, 3, 0, 4, 3495.06
1677384105, 902, 3, 9, 0, 0, 0.03%, 3, 0, 4, 3390.51
1677384110, 904, 8, 9, 0, 0, 0.03%, 3, 0, 4, 3462.02
1677384115, 907, 3, 9, 0, 0, 0.03%, 3, 0, 4, 3524.13
1677384120, 909, 8, 9, 0, 0, 0.03%, 3, 0, 4, 3501.12
1677384125, 912, 2, 9, 0, 0, 0.03%, 3, 0, 4, 3440.76
1677384130, 914, 7, 9, 0, 0, 0.03%, 3, 0, 4, 3483.51
1677384135, 917, 0, 9, 0, 0, 0.03%, 3, 0, 4, 3453.73
1677384140, 919, 6, 9, 0, 0, 0.03%, 3, 0, 4, 3502.98
1677384146, 921, 8, 9, 0, 0, 0.03%, 3, 0, 4, 3449.84
1677384151, 924, 5, 9, 0, 0, 0.03%, 3, 0, 4, 3519.41
1677384156, 926, 8, 9, 0, 0, 0.03%, 3, 0, 4, 3524.60
1677384161, 929, 3, 9, 0, 0, 0.03%, 3, 0, 4, 3529.05
1677384166, 931, 8, 9, 0, 0, 0.03%, 3, 0, 4, 3535.07
1677384171, 934, 3, 9, 0, 0, 0.03%, 3, 0, 4, 3564.31
1677384176, 936, 7, 9, 0, 0, 0.03%, 3, 0, 4, 3486.10
1677384182, 939, 0, 9, 0, 0, 0.03%, 3, 0, 4, 3443.07
1677384187, 941, 5, 9, 0, 0, 0.03%, 3, 0, 4, 3478.66
1677384192, 944, 0, 9, 0, 0, 0.03%, 3, 0, 4, 3535.47
1677384197, 946, 5, 9, 0, 0, 0.03%, 3, 0, 4, 3526.14
1677384202, 948, 8, 9, 0, 0, 0.03%, 3, 0, 4, 3405.26
1677384207, 951, 3, 9, 0, 0, 0.03%, 3, 0, 4, 3445.66
1677384212, 953, 8, 9, 0, 0, 0.03%, 3, 0, 4, 3505.13
1677384217, 956, 3, 9, 0, 0, 0.03%, 3, 0, 4, 3529.86
1677384223, 958, 8, 9, 0, 0, 0.03%, 3, 0, 4, 3544.62
1677384228, 961, 3, 9, 0, 0, 0.03%, 3, 0, 4, 3476.56
1677384233, 963, 8, 9, 0, 0, 0.03%, 3, 0, 4, 3510.81
1677384238, 966, 3, 9, 0, 0, 0.03%, 3, 0, 4, 3529.88
1677384243, 968, 8, 9, 0, 0, 0.03%, 3, 0, 4, 3513.35
1677384248, 971, 2, 9, 0, 0, 0.03%, 3, 0, 4, 3474.36
1677384254, 973, 7, 9, 0, 0, 0.03%, 3, 0, 4, 3535.62
1677384259, 976, 0, 9, 0, 0, 0.03%, 3, 0, 4, 3481.44
1677384264, 978, 5, 9, 0, 0, 0.03%, 3, 0, 4, 3486.70
1677384269, 980, 8, 9, 0, 0, 0.03%, 3, 0, 4, 3488.65
1677384274, 983, 4, 9, 0, 0, 0.03%, 3, 0, 4, 3490.44
1677384279, 985, 8, 9, 0, 0, 0.03%, 3, 0, 4, 3544.97
1677384284, 988, 4, 9, 0, 0, 0.03%, 3, 0, 4, 3573.92
1677384289, 990, 8, 9, 0, 0, 0.03%, 3, 0, 4, 3416.30
1677384295, 993, 1, 9, 0, 0, 0.03%, 3, 0, 4, 3380.48
1677384300, 995, 5, 9, 0, 0, 0.03%, 3, 0, 4, 3433.00
1677384305, 997, 8, 9, 0, 0, 0.03%, 3, 0, 4, 3413.48
1677384310, 1000, 3, 9, 0, 0, 0.03%, 3, 0, 4, 3460.53
1677384315, 1002, 8, 9, 0, 0, 0.03%, 3, 0, 4, 3499.18
1677384320, 1005, 3, 9, 0, 0, 0.03%, 3, 0, 4, 3538.86
1677384325, 1007, 8, 9, 0, 0, 0.03%, 3, 0, 4, 3479.81
1677384331, 1010, 1, 9, 0, 0, 0.03%, 3, 0, 4, 3429.70
1677384336, 1012, 5, 9, 0, 0, 0.03%, 3, 0, 4, 3406.85
1677384341, 1014, 8, 9, 0, 0, 0.03%, 3, 0, 4, 3441.53
1677384346, 1017, 4, 9, 0, 0, 0.03%, 3, 0, 4, 3441.74
1677384351, 1019, 8, 9, 0, 0, 0.03%, 3, 0, 4, 3512.98
1677384356, 1022, 4, 9, 0, 0, 0.03%, 3, 0, 4, 3498.81
1677384361, 1024, 8, 9, 0, 0, 0.03%, 3, 0, 4, 3522.19
1677384367, 1027, 3, 9, 0, 0, 0.03%, 3, 0, 4, 3498.93
1677384372, 1029, 7, 9, 0, 0, 0.03%, 3, 0, 4, 3518.15
1677384377, 1032, 1, 9, 0, 0, 0.03%, 3, 0, 4, 3499.97
1677384382, 1034, 7, 9, 0, 0, 0.03%, 3, 0, 4, 3477.21
1677384387, 1037, 1, 9, 0, 0, 0.03%, 3, 0, 4, 3492.41
1677384392, 1039, 5, 9, 0, 0, 0.03%, 3, 0, 4, 3485.13
1677384398, 1042, 0, 9, 0, 0, 0.03%, 3, 0, 4, 3520.56
1677384403, 1044, 4, 9, 0, 0, 0.03%, 3, 0, 4, 3453.63
1677384408, 1046, 8, 9, 0, 0, 0.03%, 3, 0, 4, 3505.81
1677384413, 1049, 4, 9, 0, 0, 0.03%, 3, 0, 4, 3526.77
1677384418, 1051, 8, 9, 0, 0, 0.03%, 3, 0, 4, 3520.32
1677384423, 1054, 3, 9, 0, 0, 0.03%, 3, 0, 4, 3557.49
1677384428, 1056, 8, 9, 0, 0, 0.03%, 3, 0, 4, 3539.42
1677384433, 1059, 2, 9, 0, 0, 0.03%, 3, 0, 4, 3518.53
1677384439, 1061, 6, 9, 0, 0, 0.03%, 3, 0, 4, 3537.88
1677384444, 1064, 1, 9, 0, 0, 0.03%, 3, 0, 4, 3500.77
1677384449, 1066, 6, 9, 0, 0, 0.03%, 3, 0, 4, 3452.38
1677384454, 1069, 1, 9, 0, 0, 0.03%, 3, 0, 4, 3406.11
1677384459, 1071, 5, 9, 0, 0, 0.03%, 3, 0, 4, 3443.26
1677384465, 1073, 8, 9, 0, 0, 0.03%, 3, 0, 4, 3433.73
1677384470, 1076, 3, 9, 0, 0, 0.03%, 3, 0, 4, 3440.30
1677384475, 1078, 7, 9, 0, 0, 0.03%, 3, 0, 4, 3443.79
1677384480, 1081, 1, 9, 0, 0, 0.03%, 3, 0, 4, 3470.90
1677384485, 1083, 5, 9, 0, 0, 0.03%, 3, 0, 4, 3430.86
1677384490, 1085, 8, 9, 0, 0, 0.03%, 3, 0, 4, 3488.19
1677384496, 1088, 4, 9, 0, 0, 0.03%, 3, 0, 4, 3476.45
1677384501, 1090, 7, 9, 0, 0, 0.03%, 3, 0, 4, 3399.90
1677384506, 1092, 8, 9, 0, 0, 0.03%, 3, 0, 4, 3416.72
1677384511, 1095, 5, 9, 0, 0, 0.03%, 3, 0, 4, 3544.99
1677384516, 1097, 8, 9, 0, 0, 0.03%, 3, 0, 4, 3480.49
1677384521, 1100, 3, 9, 0, 0, 0.03%, 3, 0, 4, 3500.39
1677384526, 1102, 8, 9, 0, 0, 0.03%, 3, 0, 4, 3467.25
1677384532, 1105, 2, 9, 0, 0, 0.03%, 3, 0, 4, 3494.58
1677384537, 1107, 7, 9, 0, 0, 0.03%, 3, 0, 4, 3504.90
1677384542, 1110, 2, 9, 0, 0, 0.03%, 3, 0, 4, 3536.07
1677384547, 1112, 7, 9, 0, 0, 0.03%, 3, 0, 4, 3426.76
1677384552, 1115, 2, 9, 0, 0, 0.03%, 3, 0, 4, 3494.49
1677384557, 1117, 6, 9, 0, 0, 0.03%, 3, 0, 4, 3522.97
1677384562, 1120, 0, 9, 0, 0, 0.03%, 3, 0, 4, 3556.35
1677384568, 1122, 4, 9, 0, 0, 0.03%, 3, 0, 4, 3527.29
1677384573, 1124, 8, 9, 0, 0, 0.03%, 3, 0, 4, 3545.50
1677384578, 1127, 3, 9, 0, 0, 0.03%, 3, 0, 4, 3479.71
1677384583, 1129, 8, 9, 0, 0, 0.03%, 3, 0, 4, 3508.44
1677384588, 1132, 3, 9, 0, 0, 0.03%, 3, 0, 4, 3461.10
1677384593, 1134, 7, 9, 0, 0, 0.03%, 3, 0, 4, 3457.70
1677384598, 1137, 0, 9, 0, 0, 0.03%, 3, 0, 4, 3549.10
1677384603, 1139, 6, 9, 0, 0, 0.03%, 3, 0, 4, 3537.39
1677384609, 1142, 1, 9, 0, 0, 0.03%, 3, 0, 4, 3505.93
1677384614, 1144, 5, 9, 0, 0, 0.03%, 3, 0, 4, 3512.64
1677384619, 1146, 8, 9, 0, 0, 0.03%, 3, 0, 4, 3455.41
1677384624, 1149, 4, 9, 0, 0, 0.03%, 3, 0, 4, 3506.63
1677384629, 1151, 8, 9, 0, 0, 0.03%, 3, 0, 4, 3517.79
1677384634, 1154, 4, 9, 0, 0, 0.03%, 3, 0, 4, 3471.32
1677384640, 1156, 8, 9, 0, 0, 0.03%, 3, 0, 4, 3499.53
1677384645, 1159, 4, 9, 0, 0, 0.03%, 3, 0, 4, 3533.27
1677384650, 1161, 8, 9, 0, 0, 0.03%, 3, 0, 4, 3448.39
1677384655, 1164, 3, 9, 0, 0, 0.03%, 3, 0, 4, 3498.73
1677384660, 1166, 7, 9, 0, 0, 0.03%, 3, 0, 4, 3499.65
1677384665, 1169, 2, 9, 0, 0, 0.03%, 3, 0, 4, 3544.62
1677384670, 1171, 7, 9, 0, 0, 0.03%, 3, 0, 4, 3535.53
1677384676, 1174, 2, 9, 0, 0, 0.03%, 3, 0, 4, 3488.86
1677384681, 1176, 7, 9, 0, 0, 0.03%, 3, 0, 4, 3556.10
1677384686, 1179, 1, 9, 0, 0, 0.03%, 3, 0, 4, 3498.31
1677384691, 1181, 6, 9, 0, 0, 0.03%, 3, 0, 4, 3532.46
1677384696, 1183, 8, 9, 0, 0, 0.03%, 3, 0, 4, 3486.58
1677384701, 1186, 4, 9, 0, 0, 0.03%, 3, 0, 4, 3542.59
1677384707, 1188, 8, 9, 0, 0, 0.03%, 3, 0, 4, 3516.27
1677384712, 1191, 4, 9, 0, 0, 0.03%, 3, 0, 4, 3520.81
1677384717, 1193, 8, 9, 0, 0, 0.03%, 3, 0, 4, 3518.20
1677384722, 1196, 4, 9, 0, 0, 0.03%, 3, 0, 4, 3524.97
1677384727, 1198, 8, 9, 0, 0, 0.03%, 3, 0, 4, 3489.83
1677384732, 1201, 3, 9, 0, 0, 0.03%, 3, 0, 4, 3526.84
1677384738, 1203, 7, 9, 0, 0, 0.03%, 3, 0, 4, 3468.19
1677384743, 1206, 0, 9, 0, 0, 0.03%, 3, 0, 4, 3532.13
1677384748, 1208, 5, 9, 0, 0, 0.03%, 3, 0, 4, 3484.12
1677384753, 1211, 0, 9, 0, 0, 0.03%, 3, 0, 4, 3553.56
1677384758, 1213, 5, 9, 0, 0, 0.03%, 3, 0, 4, 3538.36
1677384763, 1215, 8, 9, 0, 0, 0.03%, 3, 0, 4, 3489.34
1677384768, 1218, 4, 9, 0, 0, 0.03%, 3, 0, 4, 3540.56
1677384774, 1220, 8, 9, 0, 0, 0.03%, 3, 0, 4, 3527.72
1677384779, 1223, 4, 9, 0, 0, 0.03%, 3, 0, 4, 3519.46
1677384784, 1226, 0, 9, 0, 0, 0.03%, 3, 0, 4, 3543.42
1677384789, 1228, 4, 9, 0, 0, 0.03%, 3, 0, 4, 3516.37
1677384794, 1230, 8, 9, 0, 0, 0.03%, 3, 0, 4, 3529.68
1677384799, 1233, 4, 9, 0, 0, 0.03%, 3, 0, 4, 3528.95
1677384804, 1235, 8, 9, 0, 0, 0.03%, 3, 0, 4, 3539.55
1677384810, 1238, 3, 9, 0, 0, 0.03%, 3, 0, 4, 3516.05
1677384815, 1240, 8, 9, 0, 0, 0.03%, 3, 0, 4, 3474.12
1677384820, 1243, 2, 9, 0, 0, 0.03%, 3, 0, 4, 3512.05
1677384825, 1245, 6, 9, 0, 0, 0.03%, 3, 0, 4, 3489.38
1677384830, 1248, 0, 9, 0, 0, 0.03%, 3, 0, 4, 3500.98
1677384835, 1250, 6, 9, 0, 0, 0.03%, 3, 0, 4, 3540.41
1677384840, 1253, 1, 9, 0, 0, 0.03%, 3, 0, 4, 3527.34
1677384846, 1255, 5, 9, 0, 0, 0.03%, 3, 0, 4, 3395.00
1677384851, 1258, 0, 9, 0, 0, 0.03%, 3, 0, 4, 3427.24
1677384856, 1260, 5, 9, 0, 0, 0.03%, 3, 0, 4, 3459.69
1677384861, 1262, 8, 9, 0, 0, 0.03%, 3, 0, 4, 3420.53
1677384866, 1265, 3, 9, 0, 0, 0.03%, 3, 0, 4, 3402.47
1677384871, 1267, 7, 9, 0, 0, 0.03%, 3, 0, 4, 3338.65
1677384877, 1270, 1, 9, 0, 0, 0.03%, 3, 0, 4, 3416.21
1677384882, 1272, 6, 9, 0, 0, 0.03%, 3, 0, 4, 3459.27
1677384887, 1275, 0, 9, 0, 0, 0.03%, 3, 0, 4, 3487.85
1677384892, 1277, 6, 9, 0, 0, 0.03%, 3, 0, 4, 3539.40
1677384897, 1280, 1, 9, 0, 0, 0.03%, 3, 0, 4, 3511.90
1677384902, 1282, 6, 9, 0, 0, 0.03%, 3, 0, 4, 3549.09
1677384908, 1285, 0, 9, 0, 0, 0.03%, 3, 0, 4, 3529.77
1677384913, 1287, 5, 9, 0, 0, 0.03%, 3, 0, 4, 3498.69
1677384918, 1289, 8, 9, 0, 0, 0.03%, 3, 0, 4, 3487.58
1677384923, 1292, 3, 9, 0, 0, 0.03%, 3, 0, 4, 3536.84
1677384928, 1294, 8, 9, 0, 0, 0.03%, 3, 0, 4, 3536.81
1677384933, 1297, 3, 9, 0, 0, 0.03%, 3, 0, 4, 3526.76
1677384938, 1299, 8, 9, 0, 0, 0.03%, 3, 0, 4, 3494.03
1677384944, 1302, 2, 9, 0, 0, 0.03%, 3, 0, 4, 3545.36
1677384949, 1304, 7, 9, 0, 0, 0.03%, 3, 0, 4, 3502.61
1677384954, 1307, 2, 9, 0, 0, 0.03%, 3, 0, 4, 3509.27
1677384959, 1309, 6, 9, 0, 0, 0.03%, 3, 0, 4, 3514.34
1677384964, 1312, 1, 9, 0, 0, 0.03%, 3, 0, 4, 3531.05
1677384969, 1314, 5, 9, 0, 0, 0.03%, 3, 0, 4, 3505.10
1677384974, 1316, 8, 9, 0, 0, 0.03%, 3, 0, 4, 3470.77
1677384980, 1319, 5, 9, 0, 0, 0.03%, 3, 0, 4, 3507.65
1677384985, 1321, 8, 9, 0, 0, 0.03%, 3, 0, 4, 3450.98
1677384990, 1324, 4, 9, 0, 0, 0.03%, 3, 0, 4, 3513.95
1677384995, 1326, 8, 9, 0, 0, 0.03%, 3, 0, 4, 3505.58
1677385000, 1329, 3, 9, 0, 0, 0.03%, 3, 0, 4, 3445.02
1677385006, 1331, 8, 9, 0, 0, 0.03%, 3, 0, 4, 3381.97
1677385011, 1334, 3, 9, 0, 0, 0.03%, 3, 0, 4, 3465.18
1677385016, 1336, 8, 9, 0, 0, 0.03%, 3, 0, 4, 3477.71
1677385021, 1339, 1, 9, 0, 0, 0.03%, 3, 0, 4, 3484.56
1677385026, 1341, 3, 9, 0, 0, 0.03%, 3, 0, 4, 3175.44
1677385031, 1343, 4, 9, 0, 0, 0.03%, 3, 0, 4, 3038.42
1677385036, 1345, 4, 9, 0, 0, 0.03%, 3, 0, 4, 2928.20
1677385041, 1347, 5, 9, 0, 0, 0.03%, 3, 0, 4, 3061.79
1677385046, 1349, 4, 9, 0, 0, 0.03%, 3, 0, 4, 2851.04
1677385052, 1351, 6, 9, 0, 0, 0.03%, 3, 0, 4, 3004.34
1677385057, 1353, 8, 9, 0, 0, 0.03%, 3, 0, 4, 3131.84
1677385062, 1356, 1, 9, 0, 0, 0.03%, 3, 0, 4, 3257.37
1677385067, 1358, 4, 9, 0, 0, 0.03%, 3, 0, 4, 3234.56
1677385072, 1360, 6, 9, 0, 0, 0.03%, 3, 0, 4, 3192.53
1677385077, 1362, 7, 9, 0, 0, 0.03%, 3, 0, 4, 3145.61
1677385082, 1365, 0, 9, 0, 0, 0.03%, 3, 0, 4, 3376.53
1677385088, 1367, 5, 9, 0, 0, 0.03%, 3, 0, 4, 3428.59
1677385093, 1369, 8, 9, 0, 0, 0.03%, 3, 0, 4, 3426.19
1677385098, 1372, 3, 9, 0, 0, 0.03%, 3, 0, 4, 3495.22
1677385103, 1374, 8, 9, 0, 0, 0.03%, 3, 0, 4, 3456.25
1677385108, 1377, 1, 9, 0, 0, 0.03%, 3, 0, 4, 3433.79
1677385113, 1379, 5, 9, 0, 0, 0.03%, 3, 0, 4, 3408.41
1677385118, 1381, 8, 9, 0, 0, 0.03%, 3, 0, 4, 3400.17
1677385124, 1384, 2, 9, 0, 0, 0.03%, 3, 0, 4, 3399.92
1677385129, 1386, 7, 9, 0, 0, 0.03%, 3, 0, 4, 3443.93
1677385134, 1389, 2, 9, 0, 0, 0.03%, 3, 0, 4, 3390.44
1677385139, 1391, 6, 9, 0, 0, 0.03%, 3, 0, 4, 3436.67
1677385144, 1393, 8, 9, 0, 0, 0.03%, 3, 0, 4, 3489.05
1677385150, 1396, 4, 9, 0, 0, 0.03%, 3, 0, 4, 3532.68
1677385155, 1398, 8, 9, 0, 0, 0.03%, 3, 0, 4, 3529.57
1677385160, 1401, 3, 9, 0, 0, 0.03%, 3, 0, 4, 3485.28
1677385165, 1403, 7, 9, 0, 0, 0.03%, 3, 0, 4, 3476.38
1677385170, 1406, 2, 9, 0, 0, 0.03%, 3, 0, 4, 3454.15
1677385175, 1408, 7, 9, 0, 0, 0.03%, 3, 0, 4, 3481.91
1677385180, 1411, 2, 9, 0, 0, 0.03%, 3, 0, 4, 3509.62
1677385186, 1413, 7, 9, 0, 0, 0.03%, 3, 0, 4, 3435.81
1677385191, 1416, 0, 9, 0, 0, 0.03%, 3, 0, 4, 3505.95
1677385196, 1418, 5, 9, 0, 0, 0.03%, 3, 0, 4, 3521.37
1677385201, 1421, 1, 9, 0, 0, 0.03%, 3, 0, 4, 3545.54
1677385206, 1423, 6, 9, 0, 0, 0.03%, 3, 0, 4, 3522.84
1677385211, 1425, 8, 9, 0, 0, 0.03%, 3, 0, 4, 3246.68
1677385216, 1428, 1, 9, 0, 0, 0.03%, 3, 0, 4, 3305.31
1677385222, 1430, 3, 9, 0, 0, 0.03%, 3, 0, 4, 3229.52
1677385227, 1432, 6, 9, 0, 0, 0.03%, 3, 0, 4, 3156.90
1677385232, 1434, 8, 9, 0, 0, 0.03%, 3, 0, 4, 3228.21
1677385237, 1437, 0, 9, 0, 0, 0.03%, 3, 0, 4, 3328.42
1677385242, 1439, 5, 9, 0, 0, 0.03%, 3, 0, 4, 3433.83
1677385247, 1441, 5, 9, 0, 0, 0.03%, 3, 0, 4, 2904.53
1677385253, 1443, 6, 9, 0, 0, 0.03%, 3, 0, 4, 3110.13
1677385258, 1446, 1, 9, 0, 0, 0.03%, 3, 0, 4, 3437.99
1677385263, 1448, 6, 9, 0, 0, 0.03%, 3, 0, 4, 3562.90
1677385268, 1451, 1, 9, 0, 0, 0.03%, 3, 0, 4, 3423.90
1677385273, 1453, 5, 9, 0, 0, 0.03%, 3, 0, 4, 3444.89
1677385278, 1455, 8, 9, 0, 0, 0.03%, 3, 0, 4, 3437.11
1677385283, 1458, 4, 9, 0, 0, 0.03%, 3, 0, 4, 3543.25
1677385289, 1461, 0, 9, 0, 0, 0.03%, 3, 0, 4, 3607.98
1677385294, 1463, 5, 9, 0, 0, 0.03%, 3, 0, 4, 3614.66
1677385299, 1465, 8, 9, 0, 0, 0.03%, 3, 0, 4, 3576.43
1677385304, 1468, 1, 9, 0, 0, 0.03%, 3, 0, 4, 3205.50
1677385309, 1470, 2, 9, 0, 0, 0.03%, 3, 0, 4, 3136.26
1677385314, 1472, 3, 9, 0, 0, 0.03%, 3, 0, 4, 2962.57
1677385320, 1474, 2, 9, 0, 0, 0.03%, 3, 0, 4, 2784.37
1677385325, 1476, 1, 9, 0, 0, 0.03%, 3, 0, 4, 2736.27
1677385330, 1478, 0, 9, 0, 0, 0.03%, 3, 0, 4, 2773.88
1677385335, 1480, 0, 9, 0, 0, 0.03%, 3, 0, 4, 2793.71
1677385340, 1482, 4, 9, 0, 0, 0.03%, 3, 0, 4, 3294.73
1677385345, 1484, 8, 9, 0, 0, 0.03%, 3, 0, 4, 3454.08
1677385350, 1487, 5, 9, 0, 0, 0.03%, 3, 0, 4, 3561.26
1677385355, 1489, 8, 9, 0, 0, 0.03%, 3, 0, 4, 3465.87
1677385361, 1492, 2, 9, 0, 0, 0.03%, 3, 0, 4, 3327.93
1677385366, 1494, 5, 9, 0, 0, 0.03%, 3, 0, 4, 3320.63
1677385371, 1496, 8, 9, 0, 0, 0.03%, 3, 0, 4, 3264.01
1677385376, 1499, 0, 9, 0, 0, 0.03%, 3, 0, 4, 3255.24
1677385381, 1501, 4, 9, 0, 0, 0.03%, 3, 0, 4, 3356.87
1677385386, 1503, 7, 9, 0, 0, 0.03%, 3, 0, 4, 3248.34
1677385392, 1505, 8, 9, 0, 0, 0.03%, 3, 0, 4, 3300.19
1677385397, 1508, 3, 9, 0, 0, 0.03%, 3, 0, 4, 3301.83
1677385402, 1510, 5, 9, 0, 0, 0.03%, 3, 0, 4, 3153.96
1677385407, 1512, 8, 9, 0, 0, 0.03%, 3, 0, 4, 3181.44
1677385412, 1515, 2, 9, 0, 0, 0.03%, 3, 0, 4, 3404.18
1677385417, 1517, 6, 9, 0, 0, 0.03%, 3, 0, 4, 3347.13
1677385423, 1519, 8, 9, 0, 0, 0.03%, 3, 0, 4, 3286.34
1677385428, 1522, 3, 9, 0, 0, 0.03%, 3, 0, 4, 3377.93
1677385433, 1524, 8, 9, 0, 0, 0.03%, 3, 0, 4, 3366.32
1677385438, 1527, 1, 9, 0, 0, 0.03%, 3, 0, 4, 3377.01
1677385443, 1529, 5, 9, 0, 0, 0.03%, 3, 0, 4, 3434.64
1677385448, 1532, 0, 9, 0, 0, 0.03%, 3, 0, 4, 3431.11
1677385454, 1534, 3, 9, 0, 0, 0.03%, 3, 0, 4, 3364.11
1677385459, 1536, 8, 9, 0, 0, 0.03%, 3, 0, 4, 3435.06
1677385464, 1539, 2, 9, 0, 0, 0.03%, 3, 0, 4, 3357.11
1677385469, 1541, 4, 9, 0, 0, 0.03%, 3, 0, 4, 3050.31
1677385474, 1543, 8, 9, 0, 0, 0.03%, 3, 0, 4, 3345.62
1677385479, 1546, 2, 9, 0, 0, 0.03%, 3, 0, 4, 3430.61
1677385485, 1548, 7, 9, 0, 0, 0.03%, 3, 0, 4, 3491.66
1677385490, 1551, 3, 9, 0, 0, 0.03%, 3, 0, 4, 3462.92
1677385495, 1553, 7, 9, 0, 0, 0.03%, 3, 0, 4, 3428.49
1677385500, 1555, 8, 9, 0, 0, 0.03%, 3, 0, 4, 3257.36
1677385505, 1558, 5, 9, 0, 0, 0.03%, 3, 0, 4, 3501.46
1677385510, 1560, 8, 9, 0, 0, 0.03%, 3, 0, 4, 3455.29
1677385516, 1563, 4, 9, 0, 0, 0.03%, 3, 0, 4, 3520.67
1677385521, 1565, 8, 9, 0, 0, 0.03%, 3, 0, 4, 3555.09
1677385522, 1566, 5, 9, 0, 0, 0.00%, 3, 0, 4, 0.00
